# command_history: dirflip ElectricRepulsion/Elec150.txt dirflip/Elec150.txt -cartesian -nthreads 40  (version=3.0.4)
0.374279090363335 -0.424123102397325 0.824642199095864
-0.791502931045059 0.0451149960696268 0.609497946901151
0.525612234780263 -0.692064309131009 0.494751220995277
-0.844951181400054 0.487953104757199 -0.218996047015609
-0.0316440046984389 0.612132090888155 0.79012211731576
-0.282933053058157 0.22426204205564 -0.932553174880781
0.232226982486138 -0.0183809986137603 -0.972487926657881
0.71600425150871 0.586129205887884 0.379197133199463
-0.826545746674926 -0.399098877681601 -0.39691587835066
0.39438621962724 -0.393754219275289 -0.830311462386882
-0.469956935758301 0.234235967980648 -0.851042883664999
0.57200916551631 -0.762428220615881 0.302504087532444
-0.523250644969064 -0.502873658795058 -0.687987533193393
0.130149015641635 0.543965065375085 -0.828953099625662
-0.754086894888212 -0.53211292582905 0.384978946337981
-0.0984289969225682 0.185758994192152 0.977652969433192
0.495040903014319 0.517747898565689 -0.697761863298347
-0.530911109362922 0.224519046248908 0.817144168324362
-0.0852510065993233 -0.712047055119921 0.696937053950248
0.530781971363783 0.159276991406847 0.832406955090814
-0.211466053578209 0.531823134745652 0.820028207766883
-0.555591062669009 -0.145110016367975 0.818695092346356
-0.621193219802116 -0.344665121955811 0.703793249029192
-0.326207040421296 0.738114091461937 -0.590573073179686
0.326281934998609 0.486707903038791 -0.810342838564731
0.972887325258177 -0.0581690194472152 -0.223845074836458
-0.8014526830107 0.561821777789137 0.205011918914009
0.705384351413401 -0.608003302899417 0.364369181524035
0.210000082621084 -0.0155070061009769 0.977578384612161
-0.976200204010245 0.150784031511453 -0.1558760325756
0.248218042537874 0.795307136294181 -0.553059094779404
-0.559188936131121 -0.639676926938025 -0.527371939765163
0.911773790910235 -0.287567934054354 0.293211932760061
-0.0329499924792804 -0.844251807302502 0.534932877903457
-0.263612005134635 -0.963448018766041 0.0477140009293733
0.596185130937174 0.696626152996536 -0.399093087650829
0.116481978332665 0.973527818909726 -0.196660963418213
0.230070898968298 -0.933260590174567 0.27584787886612
-0.254716985896576 -0.954931947126375 -0.152394991562042
0.293830942734412 0.655186872308677 -0.69598386435763
0.905612301293187 0.18675906213391 0.380772126681194
0.831549726032267 -0.239291921161341 -0.501262834850715
-0.698462222734749 0.235613075135372 0.675749215491729
0.972111907792274 0.230808978107077 0.0415409960597121
0.185488921452692 -0.837298645436753 -0.514319782205677
0.396420938600348 -0.576247910747849 -0.714694889304491
-0.976240069287177 0.205487014584133 0.0687780048814159
-0.205326981819015 0.700457937976904 0.683519939476704
0.239706023721189 0.347733034411489 0.906434089700269
-0.700404817350207 0.577320849447732 0.419682890556159
-0.735754996670709 0.658491997020324 -0.158280999283778
-0.0284100062009107 0.937283204576141 -0.34740907582725
0.568084194586765 -0.415816142430151 -0.710195243264284
0.999893709259948 -0.00690499799222712 0.0128409962662112
-0.457041778131636 0.586144715459341 -0.66898967524272
-0.571526231512464 -0.745212301868797 -0.343535139158383
0.404298804265857 0.877307575266993 0.258599874803426
0.691386008344683 0.459969005551596 0.557148006724498
-0.334296194127026 -0.526631305816731 -0.781604453880574
0.929749420840479 0.327039148030543 -0.169149076563402
0.39620903741521 0.794837075058853 0.45962204340349
-0.135107001418961 -0.515845005417662 -0.845961008884705
0.832314834017295 -0.417885916663945 -0.364174927375151
0.715790211103385 0.153378045234797 -0.681263200920557
0.354075928580768 -0.85563982741233 -0.377505923854798
0.661130262445627 -0.704579279693369 -0.257827102348356
-0.640599936792648 -0.766816924338945 0.0402929960243306
0.279755053432381 -0.958891183145357 0.0475900090895498
0.17956604959606 -0.857709236898895 0.481758133061374
-0.190308038379045 -0.903066182119569 0.385038077649867
-0.637618946704623 -0.536602955148044 0.552719953800905
0.836078683850701 -0.548598792556458 0.00343499870111216
0.788475907547657 0.260196969490736 0.557317934651968
-0.460422029626087 -0.684627044052671 0.565064036359329
-0.454600057895821 0.0308830039331207 0.890160113366793
0.172978059539231 0.678667233597981 0.713785245685638
-0.375522860264027 -0.67627574835074 -0.633745764176591
-0.831212037442778 -0.517080023292387 -0.204242009200286
0.412998930417533 -0.0344199942008854 0.910080846668682
0.936315010379052 -0.0532130005898661 0.34710600384767
-0.532859721416481 -0.817358572678102 0.219055885475751
-0.194986945196489 0.358049899365614 0.913115743357442
0.448909094813875 0.893392188692937 -0.0181940038427469
0.408879899827299 0.816594799940015 -0.407418900185234
-0.116265053067742 -0.189934086693059 -0.974888444975746
-0.902411489798859 0.0493550267882624 0.428039232325419
-0.647361974760328 0.524952979532871 -0.552581978455658
-0.560885063899956 0.588764067076128 0.582035066309513
0.597240830518007 -0.0324619907880999 0.801404772581393
0.0675680193137467 0.997302285070422 0.0286830081987953
0.705304829337058 0.674229836856289 -0.218995947009448
-0.900328138747329 -0.434824067009655 -0.0183650028301849
-0.639381038095922 0.223325013306263 -0.735743043837411
-0.441595063424758 -0.346941049829932 -0.827421118839608
-0.420482104021188 0.886204219234101 -0.194517048120703
-0.981729242917641 -0.129669032085115 0.139261034458546
0.922820430157617 -0.242337112961473 -0.299458139587503
0.333148091695693 -0.199180054822326 -0.921596253660188
-0.0839520256990203 0.206037063071148 -0.974936298443158
-0.126145998858126 -0.170107998460182 0.977317991153318
0.122579937731736 -0.740028624079615 0.661310664066833
0.788441077375246 0.61506106036025 -0.00778200076370225
-0.511278089087914 0.831473144880467 0.217364037874709
-0.838515738724406 -0.51051084092842 0.190446940658076
-0.468261857264442 0.883085730817849 0.0298399909041754
0.920930640097613 0.322137874107577 0.219348914277803
-0.179467960969222 0.412463910297152 -0.893120805763662
0.856941291548187 -0.194004066003978 0.477508162457616
-0.451101138428074 -0.322527098972938 0.832156255361333
-0.377442930657324 0.73359886522543 0.565127896176408
-0.068771987879454 0.580534897685087 -0.811325857009915
0.34306705921115 0.910370157123985 -0.231368039932623
0.737852192636631 -0.329679086071803 0.588970153766875
0.594915981200358 -0.798023974782044 0.0960869969636029
-0.31702112828104 0.931610376971557 0.177763071930953
-0.804102966146462 0.423026982190141 -0.41769198241475
-0.929921020304361 -0.147241003214934 0.336997007358161
-0.711820796189363 -0.115268966995848 -0.69283780162463
0.199858017354272 0.808773070228195 0.553121048029162
0.530204748519441 -0.734663651542868 -0.42326379924243
0.861781759252251 0.348065902764149 -0.369028896907917
0.0239170061961916 0.383307099303575 -0.923311239202735
0.335084901889501 0.161859952608546 0.92818072823522
-0.0854010168990695 0.988335195570799 -0.126096024951758
-0.217496071459651 -0.905006297345298 -0.365594120118162
-0.00458599990552611 -0.384882992071218 -0.922953980986687
-0.693369031782997 0.718029032913374 0.0606110027783175
-0.852506261748448 -0.0471500144766598 -0.520586159837676
-0.975166445940792 -0.0895330409432004 -0.20256909263426
-0.908695992973508 0.392492996965048 0.142199998900439
0 0 -1
0.559732960968423 -0.413975971132422 0.717859949941833
-0.152095040099102 0.934762246445425 0.321071084648797
-0.552227850734765 -0.821939777832585 -0.139496962294464
0.349857093202292 0.153418040870725 -0.924155246195914
0.265503060360269 -0.596463135601734 0.757456172202378
-0.382462081816871 0.831923177966273 -0.40202808600246
0.0175330051557387 0.891512262157243 0.452657133107923
0.126276941651795 -0.986460544190721 -0.104640951649038
-0.23045606543824 -0.335819095356181 0.913299259332275
-0.840466944893526 -0.155537989801919 0.519059965967056
0.930936111037411 -0.357095042592514 0.0764270091158321
0.76296372906705 -0.0903959678998551 0.640089772700322
-0.630644718295797 -0.31423585963323 -0.709607683023641
0.757462977078034 0.354122989283707 -0.548494983401719
0.717976973140841 -0.416860984405439 -0.557436979146562
0.00711700098102883 -0.773287106592222 -0.634016087394686
0.70738141861819 0.684348404987583 0.176858104662093
0.64233593419911 -0.0445399954373231 -0.7651279216203
-0.0491009916065299 -0.968406834457645 -0.244493958205473
