# command_history: dirflip ElectricRepulsion/Elec120.txt dirflip/Elec120.txt -cartesian -nthreads 40  (version=3.0.4)
-0.535275073842807 0.120662016645688 -0.836015115330801
0.967999421740984 -0.228788099679107 -0.103117044926353
-0.0813749976672637 -0.944101972935901 -0.31945199084243
-0.80911977633141 0.577429840378493 -0.109086969844602
-0.315657957650069 0.476319936095016 -0.820657889897262
0.846069044058623 0.505203026308196 0.170109008858342
0.121051046194662 0.820173312988858 -0.55916221338361
0.717054757203149 0.524465822414329 -0.459094844549135
-0.0718119832222452 -0.449369895011702 0.890454791959064
0.322177821985687 -0.815620549341632 0.48058773445877
0.991205727505193 0.00872499760138943 -0.132041963700019
0.321828923605225 -0.231947944940899 0.917946782100573
-0.107783038924881 -0.361110130411697 -0.926273334515339
0.497697118556694 -0.341559081362969 0.797267189917439
-0.449224129505495 0.6879951983401 0.569965164313571
-0.6400527212555 -0.596063740412807 -0.484809788864171
0.0131229923727747 -0.856802502017106 -0.515477700398777
-0.861139965901872 -0.399682984173953 0.314151987560681
-0.844945835178122 -0.199475961088627 -0.496261903195193
-0.941587977544069 -0.331076992104145 -0.0616449985298285
0.714425630450579 0.141261926929744 0.685303645514446
-0.706480047913479 -0.656998044557609 -0.26313401784575
-0.470898877697689 -0.466778878767739 0.74857980557813
0.663904911841068 -0.328393956393062 -0.671853910785533
0.107207003383775 0.132300004175785 0.985395031102024
-0.866498049389957 -0.490146027938079 0.0945410053887902
0.362476085816767 0.810655191923855 -0.459836108866901
0.822308858922237 -0.274756952861877 0.498313914507777
-0.919336983435846 -0.269454995145095 -0.28672899483386
0.92464800054508 0.144591000085236 -0.352306000207684
0.341419954672236 -0.925632877110673 -0.163205978332368
-0.328144127218878 -0.222398086221976 -0.918074355930152
-0.573289356897101 -0.730513454775814 0.371065231003948
0.0837190097140428 0.672376078016809 -0.735460085336542
0.301259067161951 0.322638071928133 -0.897300200041886
-0.879008184557896 0.46677809800544 0.0972770204244313
0.416915175462332 -0.828563348708001 -0.373717157282075
0.957388368400722 0.246425094823779 -0.150606057952846
0.211730076376451 0.967743349089767 -0.136540049253486
0.106070987003865 0.570638930083611 0.814321900226844
-0.834157829539031 -0.0464429905093294 0.549566887695468
0.522455938456784 0.000809999904585257 -0.852665899559374
-0.987686548598213 0.118476945852553 -0.102168953305785
-0.654799985522045 -0.38542999147795 0.650138985625102
0.577461852804992 0.808239793979703 0.115265970618708
0.70585898801522 0.370993993700893 0.603428989754379
-0.189826045502827 -0.97491223369429 -0.116242027864147
-0.540612097208281 -0.316668056940563 -0.779397140144582
-0.510627892179655 -0.2387639495844 0.825984825591258
0.118494993916112 -0.581493970144356 0.804874958675306
-0.838791806232405 0.44493589721626 -0.313783927513411
0.319374861054879 -0.381168834171201 -0.867588622552615
0.153657978724057 0.758188895018898 0.633670912260031
-0.612809022946634 0.709370026562361 0.348223013039211
-0.70418900205588 0.505322001475288 -0.498766001456147
0.289644976847954 -0.602907951808062 -0.743375940580105
-0.78001605434333 0.400361027892954 0.480922033505599
-0.42421588368299 -0.723212801700139 -0.544980850570086
0.927601913184813 -0.356966966591106 0.110132989692544
-0.677507961368497 0.320425981729311 -0.662049962249912
-0.283107063761663 0.919578207108347 -0.272445061360356
-0.406915941843171 -0.879834874253129 0.245580964901325
0.0702079805787201 -0.696904807218734 -0.713718802567563
0.334087039023206 -0.665368077718655 0.66758607797773
0.11015999098313 -0.0242119980181875 -0.993618918669811
0.0983380548427522 0.217523900112112 -0.971088554072058
-0.642313953844606 0.760607945344236 -0.0943839932177553
0.691504939767848 -0.653508943077413 0.307809973188829
0.534622093459168 0.100408017552679 0.83910514668692
0.257632070658697 0.857716235239002 0.444914122023054
0.109234986779017 -0.489945940700622 -0.864881895321188
0.630400912504772 -0.559840922298004 -0.537747925364357
-0.121600984719256 0.761709904281254 -0.636404920027454
-0.314833984870653 -0.621676970125314 -0.717214965534236
-0.164813019808136 -0.919312110487992 0.357354042948777
-0.00820399595121004 -0.999721506623062 0.0221269890800127
-0.490954152423368 0.48174914956555 0.725866225355004
-0.320565933012306 -0.0933329804964891 0.942616803024215
0.321872127654189 -0.14409705714876 -0.935753371118925
0.125320030691255 -0.34758708512513 0.929235227572523
0.827745057416952 -0.181870012615505 -0.530812036820044
-0.0440380185395253 0.96948740814362 -0.241153101522824
0.528175915350045 -0.532359914679482 0.661530893977444
-0.101234986768942 0.97921787201966 0.175737977031663
0.535325808675393 0.618719778870519 -0.574988794499904
0.742175264676817 0.624873222844203 -0.242300086409799
0.241396096543853 -0.784549313772323 -0.571148228424783
0.715716165859726 -0.0903440209362806 0.692523160484989
-0.111942045178475 0.264494106746669 0.957868386584265
0.990211120636438 0.109670013360989 0.086339010518596
-0.406393781364065 -0.913690508443319 0.00370799800513284
0.732758358882416 -0.67199732912354 -0.107167052487113
0.927835687340766 -0.205886930620851 0.311016895194477
-0.524791924429444 -0.521932924841142 -0.672442903167557
-0.193720002598754 0.908027012181182 0.37142900498272
0.0887559614021709 -0.889853613024104 0.447529805380071
0.363558831816633 0.900062583628445 0.240233888867108
0.596071092155876 0.792122122466446 -0.131308020300944
-0.552311883809057 0.821157827251404 0.143705969768291
0.446564966108846 -0.89226493228334 0.0666559949412768
0.26343794972274 0.535608897778784 -0.802323846876107
0.521976894317176 0.777729842535777 0.350251929085725
-0.22714207923285 0.972669339291442 -0.0481750168046532
-0.529759968471601 0.692424958790676 -0.48979797084992
-0.948727105531665 -0.0336600037441707 -0.314299034961055
0.897870780335492 -0.323125920947092 -0.299027926842677
-0.692734769562856 0.0917239694881642 0.715335762044671
-0.109501016105082 0.106162015613992 -0.988301145356378
0.330442870464933 0.43150383084859 0.839411670946912
0.500141143884126 -0.815836234705513 0.290293083513558
-0.511224963424411 0.240030982826984 0.825247940957638
-0.93639733198241 0.0925720328197075 0.338512120013231
0.808934880257423 0.284446957894742 -0.514503923840562
0.802547224067605 0.443308123769651 0.399244111467175
-0.745116684671902 -0.666843717796466 -0.0109809953529206
0.327451155660657 -0.00296700141042528 0.944863449160317
0.690065906622703 0.149838979724315 -0.708065904187007
-0.77790594584958 0.551016961643435 0.302063978973176
-0.323440872329665 -0.691856726906561 0.645538745189446
-0.855144127216381 0.0375840055912226 -0.517026076915907
