# command_history: dirflip ElectricRepulsion/Elec230.txt dirflip/Elec230.txt -cartesian -nthreads 40  (version=3.0.4)
0.673031863365796 0.445948909466583 -0.590048880212419
0.976954672209292 0.0173699941719684 0.212738928621208
0.674214726252021 0.663662730536395 0.324015868441484
-0.178853000543534 0.959472002915836 -0.217773000661812
-0.355823053995085 -0.0264440040127986 -0.934179141758893
-0.466966788040788 -0.37798182843163 0.799419637138313
0.399273076908986 0.867565167112588 0.296499057112395
0.959846862531702 0.0148729978699043 -0.28012995988007
-0.191155922188373 0.739749698878658 -0.645158737382706
0.792465737168876 0.39633986854895 -0.463586846245653
-0.685304001094773 -0.557505000890614 -0.468558000748521
0.604994160553977 -0.491621130466925 0.626331166216413
0.842876730180873 -0.0349909887987914 0.536967828107497
0.00340700058138766 -0.978094166906893 0.208135035517206
0.148491078322679 -0.733434386855203 -0.663343349885186
0.367563872012812 0.525605816981984 -0.767225732848977
-0.931220791759964 0.364023918596798 -0.0177319960347626
-0.570714879501271 -0.553201883198903 -0.606837871874389
-0.473796088344974 0.427492079711036 0.769914143559745
0.658052406193173 -0.721027445065504 0.216994133943034
0.974686863028727 0.168811976277108 0.146587979400213
0.255378995070419 0.650686987439789 -0.715113986196155
-0.709584777435222 -0.543837829422572 0.44802885947353
0.166219000087597 0.715309000376968 0.678752000357702
-0.95975275324328 0.153863960440888 0.234947939593835
3.19999950629771e-05 0.660931898030113 0.750445884219717
-0.0159159996523866 -0.776830983033623 -0.629507986251231
0.34084195492604 0.931310876840664 0.12840098301987
-0.136788938381111 -0.440162801721228 -0.887437600238737
-0.603667282399846 -0.675811316149338 0.422924197846947
-0.796519224379099 0.195006054933116 -0.572302161217255
0.873008367667551 0.461490194356636 -0.157744066433928
0.0788279929292476 -0.927702916786444 0.364901967268842
0.734563943618914 -0.183976985878939 -0.653121949869953
0.736816270632298 -0.0395840145391914 0.67493324790269
-0.613116785661153 0.349166877935122 -0.708639752267381
-0.319540056991093 0.454558081072032 -0.831427148287955
-0.855469900934452 -0.236238972642938 0.460827946634975
0.915267822761607 0.402829921993403 -0.00358699930539021
-0.589090008771256 0.47226100703173 0.655700009763045
-0.441362848260141 0.894941692320442 -0.0654079775128393
-0.0472899887590291 -0.236044943891415 0.97059076928769
-0.0258940103886661 0.91709836793948 0.39781915960488
0.831389768150368 0.555645845047065 0.00698199805293048
0.938572365288212 0.301992117533996 -0.166981064988292
-0.413383056801523 0.725267099656421 0.550547075648752
-0.463723838388561 -0.0837379708166524 0.882013692611225
-0.142610987560686 0.846706926145568 -0.512590955289
0.350736885601221 -0.690780774690144 0.632301793764054
-0.826768765202251 0.333277905350921 -0.453187871297155
0.110562035542162 -0.962302309349448 -0.248496079883551
-0.504339043312387 0.61793405306787 -0.603158051798914
0.141964078154512 0.768523423089937 -0.623873343456719
-0.786360744680896 -0.531401827462091 -0.315037897712094
0.866533138101997 0.273219043543742 0.417698066569799
-0.444825866995751 -0.525852842768446 -0.724988783226211
0.926120976063941 0.00320899991706179 0.377212990250742
-0.970864435665319 -0.239307107386576 0.0124240055751433
0.305727064844259 -0.670985142314957 -0.675507143274067
0.167215016396854 -0.604673059293336 -0.778723076360421
-0.721118208796563 -0.692659200556384 -0.0145520042134679
-0.802994095755044 0.385838046010225 0.454235054166398
-0.573674131757761 -0.765256175759084 0.292029067071346
0.278023981787762 -0.928255939193669 -0.247069983815434
0.603056100823149 0.0351690058798011 -0.796923133235199
0.895006794960232 0.0696639840404707 -0.44057889906647
0.262033885330066 0.910956601351814 -0.318584860582517
-0.153605924240655 -0.585789711085071 -0.795773607519779
-0.191065041615308 -0.534280116369962 0.823431179349094
-0.806259813141247 -0.505123882932502 0.307887928643902
-0.165324051597893 -0.980639306059046 -0.104950032755068
-0.935467610441433 -0.174871927177749 -0.30711587210715
0.565506998942785 0.402508999247509 0.719852998654235
0.655103000392407 -0.750572000449593 -0.0864970000518117
-0.63968204822947 -0.749700056524388 -0.169578012785504
0.298499993399419 -0.160742996445571 0.940775979197091
-0.0546919944961261 0.373039962459498 -0.926201906792602
-0.390852093349366 0.286859068512137 -0.874612208888469
0.619677026875083 0.334566014509961 -0.709976030791306
-0.0225450079175714 -0.86351430325721 0.503820176936387
0.515414076865511 0.844364125922987 -0.146279021815104
-0.46342695798247 0.737845933101726 -0.490732955506717
-0.354558859162513 -0.919405634794686 0.170238932377875
-0.0785029643353656 -0.995750547621169 0.0481469781263754
0.101843004467191 -0.992830043549002 0.0625820027450657
-0.133513945897089 0.212964913701736 -0.967894607786923
-0.802514973608092 -0.116797996158923 0.585087980758504
0.325484933807112 -0.529294892358897 -0.78352184065753
-0.516034177443285 0.851710292868726 0.0910950313238973
0.725559291765589 -0.488487196432953 0.484710194914126
-0.0203429911035949 0.995415564684463 0.0934559591298022
-0.213348988940735 -0.265515986236581 0.940203951263119
-0.248109043983038 0.896382158904369 -0.367343065120013
-0.133682952403931 -0.91045567584415 -0.3914068606447
0.250073981325351 0.159648988077973 0.954973928685892
0.953199610813921 -0.140444942657114 0.267741890682481
-0.681262929346566 0.510862947018662 0.524308945624184
-0.35204781888535 0.207658893167729 0.9126555304749
-0.866834158742921 -0.122432022420917 -0.483331088512189
0.0629730295476766 0.968128454257111 0.242408113740701
0.297666112985743 0.488820185542491 0.820030311260604
-0.544413008023287 -0.238940003521378 -0.804066011849923
-0.817820998734831 0.4663219992786 -0.337212999478331
0.186525978653875 0.856860901940416 -0.480621944997387
0.708054238481912 0.644557217095286 -0.288453097154769
0.433426010260711 0.776611018385101 0.457184010823146
-0.528123908773732 -0.490963915192619 0.69284888031972
0.636439167122265 -0.658986173042872 -0.400852105259568
-0.57388984601361 -0.591770841215773 0.566089848106509
-0.603943884939944 0.0640779877922154 -0.79444684864637
0.932835085599284 0.186167017083152 -0.308481028306992
0.0652780083945566 -0.0488410062808073 -0.996671128168925
-0.933711070819653 -0.323972024572469 -0.15240001155916
0.887223712674422 -0.424363862570634 0.180967941393904
-0.194369937001021 0.976612683461325 0.0919129702092648
-0.295665118225417 -0.761271304403908 -0.577103230761987
0.881051946769486 -0.46098897214843 -0.106002993595617
0.263051102004529 0.964225373902085 -0.0327650127054389
0.305444067430298 -0.805829177896078 0.507290111990138
0.479757219936592 -0.404094185250152 0.778807357031075
0.511630053760554 -0.83143908736513 0.216665022766512
0.117783989873581 0.279676975954913 0.952841918079896
-0.0315360155609304 0.379421187219171 0.924686456271387
0.761270339058465 0.626137278872214 0.168581075083499
0.727311177135931 -0.353034085981109 0.588545143339599
0.992960075357232 -0.0472990035895925 -0.108596008241514
-0.615136951380192 0.310077975491748 0.724884942705821
-0.441186092975567 -0.666690140498295 -0.600732126598302
-0.540214057823165 0.227848024388284 -0.810095086710558
-0.433398887268197 -0.901164765597162 0.00821399786344908
-0.671229804925209 -0.264388923162509 -0.692494798745113
-0.991757376530181 0.096496036635644 -0.0842960320037954
0.554225065905678 -0.628221074704914 -0.546052064933785
-0.0350369861290351 0.082985967146277 -0.995934605714547
-0.617315870770801 0.621355869925065 -0.482532898986332
0.57227313831357 -0.781002188761613 -0.250078060441749
-0.749734399972913 -0.285496152308241 0.596984318482861
0.361778866512848 -0.927861657642772 -0.090491966610778
0.412436977834606 -0.837049955014844 0.359503980679358
-0.258244897389251 0.798532682711886 0.543741783950226
-0.241843970658887 -0.934096886673037 -0.262629968137078
-0.908759385436289 0.0981050416097416 0.405625172039666
-0.358459968828143 0.840679926894056 0.405910964701781
0.659380280463176 0.738737314217182 -0.139588059372886
-0.889267739529515 0.167047951070911 -0.425790875283955
-0.092119029953705 -0.932792303309593 0.348443113300827
-0.428926074067819 -0.371942064227705 -0.823214142154277
-0.87988321583142 -0.351922086324915 0.319306078324354
0.719836672810192 -0.351456840251129 -0.598592727919614
0.287563002544645 0.855382007569276 0.430847003812565
-0.508465864442002 -0.068767981666321 -0.858331771167064
0.199442983268829 -0.895576924870503 -0.397698966637234
0.686422229542378 0.164418054982064 -0.708372236882549
-0.846813407330473 0.529546254720018 -0.0498780239921084
0.620255222108163 -0.139774050051908 -0.77184627639164
0.860868841715935 0.484112910988346 0.156650971197294
0.864543129002813 -0.409480061100572 -0.291361043475441
0.684332277486872 -0.196329079608611 0.702242284749122
-0.877498047178684 -0.377905020318064 -0.295271015875247
0.199923065656645 -0.0295360096999078 0.979366321633257
0.304900864163341 0.123485944985665 -0.944344579284196
0.182736015146898 -0.458557038009565 -0.869674072086852
0.432043174948574 -0.866182350745889 -0.251131101691291
0.498415809241105 0.852870673580443 0.155541940469367
-0.778529546452174 -0.278087837994415 -0.562635672225432
0.897490758727143 -0.260003930103023 -0.356241904231324
0.935631018411815 -0.309291006086383 -0.170099003347293
-0.997949774331148 -0.0612179861566253 -0.0186709957778815
0.648439023822677 0.100369003687407 0.754621027723645
0.566857151051012 0.67629718021361 0.470420125353338
0.15289805771123 -0.498743188250153 0.853157322023439
0.593029698951811 -0.80238959267144 0.0669829659964743
-0.753777254832912 0.536901181512629 0.378889128092774
-0.206322954308858 0.121973972988318 0.970851785000527
0.402120862496604 0.204306930138177 0.892500694813456
0.785752191681913 0.422971103182544 0.451319110097956
-0.504586304739945 0.760932459557689 0.40789024634131
0.22794906517361 -0.338447096766439 0.912958261026673
0.132032029569633 0.834844186970055 0.534418119687227
0.082485972880555 0.658985783340996 -0.747618754200563
-0.491285810667328 0.263457898468088 0.830197680056819
-0.348858964806935 0.91198590799841 -0.215821978227772
0.827812711374043 -0.223936921921942 -0.514371820658638
0.711720649982276 -0.611484699277402 0.345745829965354
-0.570431870294646 0.739056831952537 -0.358332918521912
-0.725861131271635 0.0110740020027279 0.687752124379639
-0.549811122213679 -0.213177047385639 0.807628179522035
0.902321310808689 -0.305189105123779 0.304427104861304
-0.980663080899314 -0.127549010522092 0.148429012244578
0.425995099458366 0.635998148488413 -0.643455150229422
-0.544285029029171 -0.776575041418243 -0.317309016923518
0.587983924415847 0.808797896030655 0.0109939985867436
0.470182056969612 0.732785088787911 -0.491889059599742
-0.696809722583033 0.675334731132751 0.241617903806012
-0.296056049969973 -0.402117067871536 0.866402146236132
0.0153709926621896 0.528895747515544 -0.848547594920022
0.0896170368714139 -0.643811264885255 0.759918312655535
-0.97756668831562 0.206015934314508 0.0438269860263375
0.392501065961576 0.25495304284601 -0.883709148511312
-0.115214062585448 -0.400050217311338 0.909222493898885
-0.33726295646981 0.0342599955780969 0.940786878573586
-0.0881090204720452 0.845014196338226 0.527435122549037
-0.308992904964457 -0.74845876979994 0.586798819520955
-0.340401882779738 0.373091871522665 0.863092702786743
0.453080818605053 -0.582665766724563 -0.674698729878345
-0.0257639972365409 0.765839917855632 -0.642514931083531
0.173626997310605 0.967136985019532 -0.185740997122965
-0.436199903432331 -0.844887812955377 0.309667931444482
0.0464040093970681 -0.218722044292421 -0.974683197378728
-0.277820007630882 -0.331505009105448 -0.901621024764825
0.804421292142136 -0.550897200069648 -0.222303080733936
0.828936684869418 -0.0549799790986777 -0.556633788388748
-0.347054943861438 -0.826724866271477 0.442807928372724
0.452697074349842 -0.103850017056069 0.885596145448109
0.153536987837261 0.0877279930504518 -0.98424092203139
0.423547911788533 -0.545853886316115 0.72294584943353
-0.275182969765786 0.959244894608249 -0.0642149929447312
0.789344187946031 -0.580116138127989 0.201000047858921
0.0951750144688399 0.104388015869433 0.989972150499043
0.956192342419232 -0.256401091819042 0.14126105058658
-0.776790335700503 0.625207270191821 0.0755820326638028
-0.0153560024426334 0.527859083964968 0.849193135078615
-0.780965885869263 -0.608057911138119 0.142680979148532
-0.769318355023193 -0.119240055026615 -0.627639289641477
0.683185635729615 0.423015774450587 0.595243682619725
-0.727561721658948 0.682290738978129 -0.0716469725902379
0.257015080668565 -0.604635189775063 0.753896236623187
0.197157064798243 -0.297005097614602 -0.934300307069992
0.487484076583511 -0.0911970143270065 -0.868356136418326
0.310445097130525 0.6307191973363 0.711208222519307
