# command_history: dirflip ElectricRepulsion/Elec010.txt dirflip/Elec010.txt -cartesian -nthreads 40  (version=3.0.4)
-0.557836134670027 -0.78996519070947 -0.25450706144183
0.569859348613273 -0.258762158298575 -0.779937477129237
0.195499016814969 0.880727075751779 -0.431393037104332
-0.932196207676559 0.349524077867682 0.0940380209499807
0.549516830345772 -0.660506796079457 0.511626842043679
-0.0150379950751101 -0.296981902739482 0.954764687317958
-0.818589836036472 -0.0956999808312957 -0.566349886560129
0.833627579963095 0.392681802140845 -0.388414804290841
0.175156951085501 0.478982866238784 0.860171759787608
-0.299721907400631 0.912302718143206 0.279052913786337
