# command_history: dirflip ElectricRepulsion/Elec070.txt dirflip/Elec070.txt -cartesian -nthreads 40  (version=3.0.4)
-0.632082986482905 -0.100804997844285 0.768315983569563
-0.3263188392172 0.315786844406492 0.890951561013128
-0.164525007243543 0.595720026227766 0.786161034612313
-0.794835777431706 0.604267830794154 -0.0556459844181249
-0.949015677515987 -0.310928894343581 0.0518889823676598
-0.332731103079779 -0.791680245261786 -0.512379158734576
-0.214754012472054 -0.145336008440534 -0.965794056089457
-0.652071029997224 -0.449212020665101 0.610747028096196
-0.82082589403754 0.102654986748012 0.561877927465778
-0.39940381862238 0.00670499695512077 0.916750583684403
-0.844610136273633 -0.4139210667841 0.339563054786806
0.852303205189038 0.436193105011976 0.288643069489817
0.220916993149696 -0.945681970675821 0.238497992604535
-0.106028976876673 0.0757599834778858 0.991472783774681
0.445136060850994 0.662910090621141 -0.602000082294621
-0.524653124909956 -0.256073060966138 -0.811890193295652
-0.954619799470199 0.128509973004877 -0.268674943561476
0.74427419156541 -0.395867101890465 -0.537908138449773
0.470998055251843 0.852656100023388 0.226138026527801
0.469785216399328 0.558145257101021 0.683941315047038
-0.168573943939649 -0.797513734781668 0.57927080735976
-0.649230711745199 0.497421779147515 -0.575387744531063
0.023370006540179 -0.371988104102187 -0.927943259688205
-0.604008803174704 0.653567787025168 0.456094851374675
0.0982070122520621 0.949890118505924 -0.296756037022544
0.854093617291839 -0.414386814318697 0.314336859149771
0.454482998655412 0.34954199896588 -0.819307997576077
-0.409544014280595 0.852290029718928 0.325385011346013
-0.14068505626292 -0.656402262509102 -0.741177296412425
-0.927525754001188 0.227125939761553 0.296832921273835
0.326536017132529 -0.370787019454268 0.869420045616297
0.717047720389806 0.676584736168202 0.167557934661383
0.813972856693331 0.575287898715797 -0.0805730858144403
-0.0895370053928587 0.663921039988297 -0.742423044716512
-0.304166003584596 -0.951807011217046 0.0393250004634451
-0.818931240791207 0.516109151752112 0.250964073791228
-0.117195983767596 0.945918868984097 0.302493958102624
-0.522427927258708 0.841222882870658 -0.139330980599974
-0.185581948823187 -0.94455173952667 -0.270889925298321
0.941887708321911 -0.335889895983648 0.00505199843552768
-0.229541068491737 -0.559632166986149 0.796318237609851
0.390543987606868 0.853892972903415 -0.344008989083563
0.631329815990745 -0.762384777793078 -0.142098958583417
0.204784957282886 0.232597951481235 -0.950768801674403
-0.723490546023933 -0.370105767765921 -0.582737634343613
-0.623317008057307 -0.64232700830304 -0.44597300576487
0.602418923740697 -0.222503971833558 -0.76653990296487
0.314793954991393 -0.947707864498635 -0.0524839924959443
0.814765752666079 -0.202552938512128 0.543257835086232
0.000186999928583432 0.999996618094364 0.00259399900933381
0.670238964644225 -0.664065964969857 0.331354982520694
-0.591759825432948 0.273476919325278 -0.758307776301893
-0.577293709802318 -0.811803591917396 0.0877889558696881
0.271795089560166 0.421008138727888 0.865378285153874
0.695603094044501 0.0336650045514584 0.717637097023466
0.478669800849471 -0.518875784121775 -0.708267705325282
0.29405197001067 -0.759161922575737 -0.580694940776958
0.434338058593077 -0.0511560069010481 0.899296121316854
0.80966270720942 0.1985059282162 -0.552305800274936
-0.420325187448893 0.786484350741819 -0.452514201803957
0.653847013811211 0.666597014080529 -0.357956007561105
0.998863572987912 -0.0329419859173699 -0.0344439852752683
-0.123168047242715 0.146201056077326 -0.981557376489164
0.867206927748658 0.121608989868147 0.482869959769691
0.129423943262109 -0.848569627997339 0.51300977510272
0.0259119918790535 -0.42677886624539 0.903984716686714
-0.962943669216388 -0.174970939895218 -0.205242929496398
0.949078949525135 0.0957409949082068 -0.300137984037762
0.0102809991482707 0.835839930754844 0.548876954528291
-0.386862943569467 0.607473911389609 -0.693766898802311
