# command_history: dirflip ElectricRepulsion/Elec140.txt dirflip/Elec140.txt -cartesian -nthreads 40  (version=3.0.4)
0.0800950336673538 -0.572887240808906 0.815711342878217
0.11494900087252 -0.177343001346122 0.977413007419053
0.207564000306364 -0.819906001210181 0.533546000787514
0.260626960607541 0.856955870475415 -0.444634932795658
0.758049718491846 0.643823760910618 0.104170961315235
-0.345938167193859 0.860973416113288 -0.372896180222818
-0.652071074756693 -0.574575065872162 0.494638056707783
-0.297334046648742 0.267242041927607 0.916610143806977
-0.26277409074734 -0.118674040983316 0.957531330677278
-0.865352529507092 0.251322863355545 -0.433591764255788
-0.853992146376828 0.492899084484389 0.166577028551805
-0.302617104615659 -0.323999112007484 0.896352309871736
-0.435006878549141 0.607243830461797 0.664848814378891
-0.61733905775485 0.571559053471924 0.540567050572482
-0.872458868882092 0.339546948971021 0.35145894718082
0.485936172411885 0.767876272445237 0.417411148098963
0.832877209571088 -0.190332047891927 -0.519701130768774
0.782756847507631 0.551065892644384 -0.289167943665897
-0.0140409968574427 0.584415869200146 0.811332818413188
-0.0728330168540719 -0.945391218770171 -0.317696073517104
-0.698528821737563 0.60984784436868 -0.374356904465253
0.87075032406895 -0.0370160137763264 0.490330182487199
-0.410444999516701 0.065678999922663 0.909516998929044
-0.597323993398375 0.0387779995714255 0.801061991146663
0.642289180107546 -0.389257109153548 0.660260185146886
0.720991051758147 -0.673370048339554 -0.163538011739985
0.0439670153903706 -0.989582346396929 0.137090047987489
0.334259979977494 -0.924378944628778 -0.18383098898834
0.322458004879273 0.63585700962147 0.70121801061048
0.993781334941136 0.0174020058651208 0.109981037067685
-0.95991096755021 -0.234607992069077 -0.153394994814482
0.192613039534023 -0.980940201338978 -0.025623005259148
0.820309118727039 -0.522213075582254 0.233209033753395
0.975060782831562 -0.209516953335761 0.0732059836953455
-0.282540951380075 0.943983837558331 -0.170484970662778
0.880821760128485 0.328860910442307 0.340592907247368
-0.938225363088126 -0.105595040864708 -0.329519127522115
0.887209839704264 0.227011958984845 -0.401651927431946
0.450012007645704 0.866324014718845 0.216730003682243
-0.789252773530658 -0.410374882246433 0.456806868923171
0.523911813281007 0.273761902432918 0.806579712539881
-0.536135113653954 0.748866158750282 -0.389562082582301
0.0896600396201975 0.233217103057145 -0.968282427877805
0.147067057357193 0.781971304974342 -0.605716236233618
-0.108426992827609 -0.948766937239544 0.296790980367426
-0.762344944485281 -0.397615971045208 -0.510618962816218
-0.307420912471591 0.261035925678253 -0.915069739462753
0.229157862320394 -0.610896632969137 -0.757820544696249
0.67150004678341 -0.717782050007877 0.184056012823183
-0 0 -1
0.953041092818106 -0.111560010864997 0.281544027419997
0.281912012488702 -0.759034033625208 -0.586850025997457
0.702266186575998 0.703173186816968 -0.111219029548342
-0.497480946022823 -0.358170961138095 0.790079914275544
-0.610728890229737 -0.441395920665049 -0.657403881840538
-0.283867982234123 -0.889010944361252 -0.359274977514776
0.936170110884675 0.349511041397838 -0.0377830044752082
-0.388898072204962 -0.921261171046432 -0.0060120011162213
-0.507312014766331 -0.546821015916319 0.666049019386689
0.166514985324868 0.984045913275054 -0.0626609944776241
-0.0966199963148168 0.383168985385552 -0.91861096496326
0.471305235617329 -0.741473370681168 -0.47758623875736
-0.836305745249182 -0.183092944227243 -0.516787842578954
-0.464903096080138 -0.14984403096782 0.872589180335407
-0.305783036335895 -0.781897092912055 -0.543262064555292
0.960569409358748 0.0894250381096059 -0.263267112194595
0.408987967849253 -0.718313943532984 0.562808955757308
-0.124136019824462 -0.71283711383974 -0.690256110233564
-0.327007061456732 -0.68823412934467 0.647611121710103
-0.637845960778534 -0.720375955703724 -0.272416983248944
-0.428340781102068 0.903616538218633 -0.00115199941128583
0.639642299279427 0.178444083491419 -0.747673349825601
-0.0956890203747304 -0.851799181370638 -0.515055109668893
-0.527086918180831 -0.838082869905244 0.140699978159285
0.75626930555328 -0.0113920046026784 -0.654161264298866
-0.376625905632437 0.44683688804034 0.811473796676745
-0.395118035762728 -0.127658011554519 -0.909717082339861
-0.627983965592445 0.695153961912168 0.349852980831381
-0.743286191639645 0.388407100142045 0.544670140430959
-0.443947113604971 -0.828964212129897 0.340190087053804
0.946423058302501 -0.289179017814296 -0.143732008854323
0.655049880471422 0.594898891447322 0.465837914997399
-0.908402807806967 0.336559928793182 -0.248055947518189
-0.451210050901009 0.0991380111837597 -0.886894100050529
0.116677040177221 -0.877324302102728 -0.465498160292224
0.766289864545635 -0.528532906573096 -0.365311935425093
0.0579990026914438 -0.740650034369866 0.66938303106272
0.768574686266724 -0.431852823717066 0.472012807323703
0.74786297284734 0.0119269995669664 0.663745975901375
0.133783965531837 -0.93375575942673 0.331966914471889
-0.902052229245328 -0.357786090926874 0.241435061357711
-0.686050024236433 0.223317007889232 0.692434024461963
-0.839393799899454 -0.537722871813873 0.0791969811204715
-0.593356997724476 0.580188997774975 -0.557949997860262
-0.90562111494959 0.42242605361812 -0.037505004760473
0.939626899040384 -0.132379985776235 -0.315557966094403
0.783542279854712 0.536952191781101 0.312640111664438
0.51962688062691 -0.824701810542512 -0.223281948705779
0.788508412458608 -0.614221321291272 0.0314110164306987
-0.613169725685095 0.789779646674779 0.0164619926353671
0.00870999842932177 0.877904841686995 -0.478755913665714
0.309391119657967 0.927547358731793 -0.209602081064249
0.0168909977918569 0.995143869905846 0.0969709873230806
0.505331910085291 -0.252181955128764 -0.825253853160944
-0.253887048440892 0.021666004133809 -0.966991184499035
-0.629627894934946 -0.708251881815081 0.319292946720069
-0.985943018795032 -0.151980002897195 0.0694150013232582
0.0702929771254388 0.384930874736777 0.92026470052981
0.152821019221371 0.170047021388006 0.973514122445693
0.477643018424125 0.715741027608279 -0.50948201965225
-0.991966149962478 0.0738930111709246 0.102679015522707
0.234820090270378 0.959657368914915 0.154652059451897
0.66291411845282 0.387253069196321 -0.640765114495125
0.155923963411745 -0.433826898200578 -0.887401791767201
0.198088993430478 -0.0737979975525263 -0.977401967584953
-0.880901712725225 -0.0173849943305022 0.472979845754439
0.574292201801147 -0.422973148628984 -0.700915246295353
0.593949736537913 0.801717644376972 0.0668769703349542
0.500029150150026 0.627785188512934 0.596537179129702
0.129564986113355 0.628236932666197 -0.767157917776786
0.297221951319061 0.322299947211624 0.898766852794135
-0.134892050515126 0.95622335809185 0.259694097251692
-0.287926905971582 0.467793847232354 -0.835623727109986
0.589651907787294 0.0606789905107168 0.80537487405146
0.322501977692378 0.516135964298618 -0.79347094511522
0.485720172801297 -0.33216511817208 0.808543287649837
0.0649099977375621 -0.234390991830302 -0.969972966191593
0.455455226100555 -0.533622264904833 0.712606353757478
-0.697980888001647 -0.233055962603727 -0.677131891347087
-0.782194048550786 -0.203880012654833 0.588732036542599
-0.326288950040434 0.863361867806789 0.384891941067467
-0.879310885983722 -0.454312941091289 -0.142870981474564
-0.261639959511089 0.656549898398583 -0.70745089052163
-0.426341816161875 -0.46137480105569 -0.778052664504541
0.760920047747354 -0.213250013381332 0.61280103845296
-0.200819054845097 -0.519961142005047 -0.830248226746633
-0.621903226381833 0.163941059676934 -0.76574127874098
-0.0795000116093875 0.752988109958862 0.653214095388861
0.493865050154468 -0.847052086022379 0.196469019952412
-0.114699015849914 -0.444700061451772 0.888305122752228
