# command_history: dirflip ElectricRepulsion/Elec080.txt dirflip/Elec080.txt -cartesian -nthreads 40  (version=3.0.4)
0.818898170643247 -0.387108080666171 0.423737088298979
-0.764944951157501 -0.595368961985098 -0.245753984308363
0.795110093673516 0.283210033365543 -0.536276063179759
-0.531254936779338 0.169945979776005 0.829991901228895
0.0799920193297538 -0.926088223785542 -0.368730089102162
0.190091036681206 -0.489581094472759 0.850985164211644
0.972784904382544 0.0242459976168004 -0.230437977349676
0.856414968681762 -0.484622982277822 -0.178027993489694
0.601702126073155 -0.615171128895282 0.509430106739628
0.764075998711386 -0.203313999657111 -0.612250998967439
-0.77706375870853 -0.114136964558538 -0.618986807794103
-0.687366362377923 -0.0619930326825805 0.723660381512044
-0.0994560127575717 0.610501078311115 0.785746100790409
0.233614001031873 0.968439004277595 -0.0868930003838064
0.395813036570356 0.599609055399682 -0.695558064264699
-0.898885013478331 0.424931006371628 -0.106955001603737
-0.585402128913173 -0.341551075213995 0.73528716191981
0.827599913002288 -0.14221498505029 0.543003942919157
-0.545592164212081 0.799581240657598 -0.250996075544685
0.930517806939908 0.337341930009653 0.142607970412272
-0.231136017446494 0.794946060003723 0.560925042339465
-0.949104068832351 -0.277659020136805 0.148684010783085
-0.749593201614737 0.6050321627328 -0.268414072194135
-0.393566109617622 -0.90993625343912 -0.130850036444881
-0.362963145640988 0.0014460005802158 -0.931802373890902
0.835381074035651 0.443258039283745 -0.325055028808003
0.682187927030113 0.682010927049046 -0.263591971805018
-0.355428129405363 -0.721737262772316 -0.593941216243939
-0.0667539725467335 -0.789910675141008 -0.609577749304801
-0.16016100283509 -0.787210013934798 0.595524010541668
0.975333096289765 -0.211931020922891 -0.0617300060942952
0.726898081765499 -0.686728077246955 0.00487100054791696
-0.109798006716729 -0.602680036868048 0.790393048351111
-0.83501123978061 -0.548811157595812 0.0395290113510932
-0.139324972469736 0.726250856494661 -0.673162866984714
0.437274868720265 0.485145854348321 0.757247772657215
0.423611059503591 -0.298320041904273 0.855312120143564
-0.47778787979599 -0.859199783838679 0.18301495395628
-0.491041016053604 0.8703820284554 0.0362470011850232
0.040425007415463 -0.987470181139078 0.152540027981564
-0.995738447848404 -0.0586750263899792 -0.0711490320003516
0.52404205452422 0.783481081517685 0.333972034748289
0.266311896450365 0.294572885461689 0.917771643144298
-0.640141009924106 -0.553013008573361 0.533288008267564
-0.876386287173868 -0.0353580115860975 0.48030915738749
-0.645397191114076 0.366145108422356 -0.670373198509935
-0.902540955678922 0.247172987862076 0.352597982684971
0.618296881436947 0.59829488527248 0.509658902269092
0.218060032895558 -0.971785146599145 -0.0899080135631194
-0.533942307568745 -0.190360109653832 -0.823813474544296
0.750691852278872 -0.482589905035968 -0.451185911215645
0.232612987075674 0.892634950403865 0.386126978546206
-0.164171924691318 0.193426911271518 -0.967281556290157
-0.38372693337062 0.868788849145689 0.312984945654081
0.445840185580124 0.76742031943724 -0.460752191787218
-0.175649012127247 -0.569765039338004 -0.802817055428498
0.153971994438378 0.118802995708717 -0.98090696456866
0.0766280096961258 0.986035124767962 0.147861018709595
0.202573954562566 0.912193795394498 -0.356182920108002
0.0554510140634325 0.369860093803559 -0.927431235214212
0.95140927844614 -0.17497105120826 0.253388074158338
-0.928567184700853 -0.0964040191756772 -0.358426071294358
0.531634298475262 -0.683704383851918 -0.499913280666142
-0.243368039835214 0.137019022427686 0.960207157169601
-0.643346726324542 -0.764462674802616 -0.0412529824512531
0.37309296868892 -0.598785949748089 -0.708700940523693
0.62210119063734 -0.0914790280329291 0.777574238280664
-0.411985904101022 0.574192866343707 -0.707509835311186
0.318035962608832 -0.381508955146376 -0.867930897958238
-0.670601227893472 -0.365653124261568 -0.645439219342552
-0.304663844018854 0.929067524337989 -0.20979389259017
0.0228690084379682 -0.361766133480694 -0.931988343875337
-0.593125061580323 0.417802043377673 0.688218071453213
0.442526125755765 0.100633028597596 -0.891091253227675
0.361060952896894 -0.794236896385847 0.488694936246085
0.0670360215348561 0.0876030281418641 0.993897319282608
-0.334474004681633 -0.370951005192201 0.866327012125979
-0.652200274613875 0.713259300323241 0.256702108086371
0.834879683557283 0.366509861082527 0.410665844346176
-0.0882110015252564 0.896039015493411 -0.435124007523729
