# command_history: dirflip ElectricRepulsion/Elec180.txt dirflip/Elec180.txt -cartesian -nthreads 40  (version=3.0.4)
0.641184160448341 0.483530120997384 -0.595887149113329
0.834346757567652 0.450818869007609 -0.317218907827143
0.361347062568514 0.457178079161991 -0.81266014071496
-0.549609870523472 0.811722808775175 -0.197572953455967
-0.675071980529574 -0.214955993800239 -0.70574197964499
0.586051044995243 0.192322014765908 -0.787119060432643
-0.935492637415285 0.314956877926832 0.160173937918676
-0.70657606985176 -0.601741059487823 -0.37236803681212
-0.927191383745122 -0.323356133830341 -0.189095078262498
-0.952634902123914 -0.135571986070996 -0.272225972030825
-0.0280729983853254 0.56091696773774 -0.827395952410668
0.537523191080122 0.718559255435286 0.441295156872734
0.270211860877406 -0.645830667484479 -0.714064632353208
-0.689579023472236 0.582299019820586 -0.430591014656673
-0.0369529947714103 0.154228978177681 0.987343860297765
-0.643135291729772 -0.75306034159239 0.138842062979538
-0.555749861416842 0.60922784808144 -0.565670858942918
-0.585674712724867 0.147190927802426 -0.797069609035061
0.428975000022736 -0.813662000043124 -0.392345000020794
-0.675891143151732 0.733950155448457 -0.0669950141893445
-0.415400872030381 0.847897738794119 -0.329410898520706
-0.515759274196786 -0.844439448935375 -0.144618076884341
-0.353519999970835 -0.795953999934334 -0.491406999959459
0.353611924379214 0.928068801530188 0.116819975017759
-0.112962954877013 0.824068670826247 -0.555112778260523
-0.23482994530459 0.18891095599981 0.953502777914926
0.770231985734919 0.440240991846517 0.461443991453827
-0.786718090714501 0.266319030708583 -0.556910064215911
-0.794301176087853 -0.25758505710378 -0.550214121976432
-0.111139948706703 -0.303935859727554 -0.946187563315617
-0.868687755315017 0.483755863739538 0.106591969976031
0.312083878321484 -0.0213499916758427 -0.949814629676371
-0.800101724553427 0.53014981748827 -0.280674903373611
-0.696412244270816 0.327238114780752 0.638690224024468
-0.786151863033097 -0.0684069880818277 -0.614235892985068
-0.1714060523661 -0.98516130097569 -0.00878500268389779
-0.00347599904217991 -0.986451728180798 -0.164014954805275
0.699292799538657 -0.579133833983782 -0.419038879877075
0.857611784991178 -0.0866949782650082 0.506937872907396
0.631373904971605 -0.510127923220397 -0.584068912091503
0.7593662784908 0.626579229792335 0.175389064322373
0.44638515380404 0.79747927477512 -0.405915139859912
0.968986671780045 -0.1309159556555 -0.209584929008357
0.960277393152049 -0.207100084789899 0.18702107656925
0.980290431335237 0.168398074096432 -0.103309045456765
0.482134802048509 0.846338652516272 -0.22639990704633
0.980253272362919 -0.197634054912531 -0.00665600184936704
-0.753748116257742 -0.614864094836338 0.231961035777557
0.886655244807763 0.103937028697277 0.450599124411562
0.695810158324662 -0.676882154017783 0.240164054646935
-0.359027903109871 0.742953799500571 0.564905847550009
0.636232807566963 -0.760022770125828 -0.132563959905108
0.540656989534232 -0.417954991909436 -0.730070985867651
0.821525897306805 -0.21994097250672 -0.526042934243059
-0.242840973868613 -0.725421921939527 -0.644042930696476
-0.91476484963554 0.102797983102583 0.390688935780511
0.293247926197131 -0.292537926375819 0.910179770931445
0.504034224112315 0.86273138360238 -0.0405470180287085
0.320545063995867 0.576345115065585 0.751716150077889
0.47893809154208 -0.311291059498778 0.820802156884446
-0.161454029673558 0.771639141819185 0.615228113072478
0.168137914026987 -0.520861733670703 -0.836918572063139
0.424621110632922 -0.744362193939873 0.515385134281037
0.20738902855239 -0.975132134251813 0.0781480107590672
-0.0748330012774742 0.338220005773754 0.938087016014084
0.835553224281733 0.472872126929772 0.279719075083043
0.385951027937066 -0.912245066032862 0.137298009938317
0.423490091282452 -0.30560006587149 -0.852798183818963
-0.927872605601338 -0.308472868881476 0.209515910943814
-0.0676970142960539 -0.837651176892681 0.541994114456703
0.442262940842471 0.8401918876151 0.313816958023533
0.0469359934818113 -0.868315879413509 -0.493785931425977
-0.128901985026424 -0.623944927521002 -0.770763910466143
-0.711927223625631 -0.561926176508345 0.421187132300374
-0.552286012605928 -0.341325007790743 -0.760577017360171
-0.734743852250006 0.115073976859719 -0.668512865568427
0.564450970006487 0.650306965444314 -0.508424972983569
-0.532352979305843 0.464163981956554 -0.707920972480989
-0.15278595983991 -0.113311970215726 -0.981741741947254
0.964453563619099 0.0681329691722571 -0.255317884477747
0.237919980946298 -0.933114925271961 0.26961197840826
-0.866168232943418 -0.492881132553252 -0.082588022210854
-0.308042994277331 0.914258983015354 0.26313499511161
-0.21695103199529 0.596657087993204 -0.77261411394282
0.480395734792564 -0.853650528733392 -0.20124788889902
-0.0452619902841075 -0.765656835644887 -0.641654862263024
-0.612148152877287 -0.718907179539183 0.32931308224233
-0.366735108762831 0.492253145987783 0.789425234120271
-0.159384985763335 -0.84749792429937 -0.506303954775667
0.717256178665309 0.0843270210054841 -0.691688172296433
0.353506049753682 -0.461181064908242 0.813846114543559
-0.357190190625669 0.932017497400163 0.0613070327184073
0.0501220204812401 -0.0516550211076664 0.99740640756777
0.648752001202462 -0.301167000558213 0.698870001295356
-0.0196610041353093 -0.493423103781939 -0.86956718289652
-0.0474159848677598 0.975703688615926 -0.213901931735776
0.7712826514104 -0.634242713347094 -0.0534719758327578
-0.479773802648685 -0.560871769289652 0.674714722461216
0.072397964707123 -0.713350652252699 0.697057660195278
-0.597557947999016 0.733740936148032 0.323339971862149
-0.50077705975798 -0.0201770024077319 -0.865341103261593
0.672159999144677 0.403631999486378 0.620710999210145
-0.598606027342827 0.023628001079268 0.800695036573748
0.243951070808516 -0.858677249237119 -0.450734130828756
-0.123669019763486 0.940898150364475 0.315304050388587
-0.538052926430414 -0.387363947034569 0.748630897637458
-0.481861817233461 -0.201544923555537 -0.852753676556987
-0.615365224090825 -0.572269208397021 -0.542064197397592
0.523450040364019 -0.85205406570317 0.0019810001527579
0.835863486876413 -0.461824269004864 -0.296733172842079
-0.255190070534928 0.363659100515935 0.895896247627101
0.745138880281899 -0.622078900053391 -0.240386961378112
0.20628211501211 0.454159253215427 0.866710483232398
-0.896057641494578 0.377281849052581 -0.233963906392931
-0.102213054937181 -0.678074364449473 0.727851391203487
-0.45919207449841 -0.0857140139060713 0.884192143449577
-0.0656130032399046 0.655668032376233 0.752193037142541
0.223447953952521 0.348348928213305 -0.910342812399304
-0.998279138811722 0.0144960020156837 0.0568210079010185
0.990218240489877 -0.0268670065250698 0.136916033252185
-0.269941948186808 0.851105836637059 -0.450277913572765
0.448787782339325 -0.1267449385291 -0.884604570969541
-0.621775916353735 -0.736847900873332 -0.265423964293047
0.878675950512533 0.293880983448477 0.376247978809526
0.26690904769585 -0.73061013055785 0.62846511230484
0.901331263104943 0.0840600245377132 -0.424895124029879
-0.943091103726352 0.0537480059115016 -0.328162036093068
-0.334503987567658 -0.938485965119762 0.0857389968133816
-0.179928952746975 0.976589743527547 0.117889969039681
0.778780113567955 -0.407362059404799 -0.477030069564346
0.0691230074017957 0.933392099949031 0.352138037707471
0.416645999373989 0.278159999582065 -0.865466998699636
0.776268835034739 0.629467866231483 -0.0343059927096171
0.13314094064911 0.0108649951566579 -0.991037558220331
0.567143178793617 -0.728177229560092 0.384846121323913
-0.271169081294062 -0.898884269477454 -0.344201103188408
0.830306722665562 -0.548347816843909 0.0995259667568895
0.38585302145748 0.402261022369937 0.830243046170232
0.232199071602426 -0.0949650292840382 0.968021298505386
0.298543944175124 0.618500884346221 -0.726861864083749
0.683187017024679 -0.448446011175051 0.576326014361756
0.110119042344634 0.925460355871966 -0.362487139389019
-0.825666613382112 0.0225689894320845 0.563706736044664
-0.54023419380419 0.677381243004468 0.499301179119837
-0.588086052389942 0.227692020284058 0.776087069138108
-0.892437177850699 0.287063057207798 0.348067069365075
0.721263100145225 -0.128401017828097 -0.680656094507063
0.305171057611724 0.911490172075688 -0.275783052063708
0.435016939087627 0.665908906757444 0.606073915135718
-0.925301892847271 0.376538956395662 -0.0451089947762434
-0.688903054845986 -0.299092023811764 0.660270052566412
0.0784659699014013 -0.91651364843643 0.392231849544598
0.894416010330058 -0.236479002731214 0.379602004384213
-0.462995117423679 0.595898151130219 0.656156166412708
-0.0832610409014136 -0.206543101462878 0.974888478907259
-0.887200975581568 -0.262368992778818 0.379521989554416
-0.397917929257361 -0.715733872755412 0.573921897967026
0.26558497184255 0.851345909739886 -0.452409952035273
-0.273695992324333 -0.166972995317326 0.947211973435914
-0.165476955429284 -0.519932859957663 0.838025774280302
-0.144029005631462 -0.973408038059768 0.178136006965029
-0.297198056223339 -0.258214048848422 -0.919238173899656
-0.807948036627113 -0.191727008691657 0.557190025259375
0.807701031648554 -0.40617401591532 0.427366016745697
-0.217948981920915 -0.760414936922823 0.611773949252741
0.188766933220217 0.96275165940885 0.1935879315147
-0.10749602852257 0.249676066248058 -0.962344255344609
-0.0288279907032051 -0.390993873907624 0.919941703326208
-0.407832997501207 0.140517999139046 -0.902178994472349
-0.658617099023417 -0.750317112810561 -0.0569890085683266
0.778542907479913 0.383348954443771 -0.496904940949063
0.867137835269407 0.482288908379344 -0.124375976372236
0.333487142926284 0.0685050293599603 0.940262402978687
0.648759924338703 0.0444319948181411 0.759694911400966
-0.164440006478114 0.433909017093846 -0.885823034896999
0.502911057238574 0.513537058447967 0.69524107912852
-0.983533998706653 -0.159114999790764 -0.0856929998873137
-0.0189629932149379 0.999460642387549 -0.0268109904068819
0.401398938174333 -0.607974906356368 0.685014894490246
0.940818187551654 0.338839067547405 -0.00701600139863651
