# command_history: dirflip ElectricRepulsion/Elec100.txt dirflip/Elec100.txt -cartesian -nthreads 40  (version=3.0.4)
0.347524980798203 0.619579965766349 -0.703808961112445
0.302255072018476 -0.336903080274075 0.891705212467072
0.810018710430108 -0.424440848268578 0.404622855353222
0.600593344410652 -0.332731190804922 -0.727033416917796
-0.434892008826351 -0.384048007794446 0.814479016530259
0.256787040072905 -0.0304200047471942 -0.965989150747449
-0.913518216527138 -0.162240038455031 0.373045088421209
0.515224790918216 0.162764933948864 0.841457658530661
0.641736194496152 -0.756502229279218 0.126012038191482
-0.870980104288987 -0.486810058289423 -0.0664050079511701
0.707903065702964 -0.466592043306043 -0.530250049214365
-0.750779010032285 0.268205003583889 -0.603653008066313
0.805454325727003 0.0585840236914719 -0.589755238497951
0.108434951049763 0.357284838712728 0.92767958122234
0.545765744673925 -0.310944854530392 0.778108635976744
0.279920991729594 -0.943914972111561 0.175124994825845
-0.0757069915264954 0.83842390615941 0.53973493959017
-0.580116205420345 -0.500152177104918 0.642894227650172
-0.282653948985772 -0.143714974061893 -0.948394828830872
-0.0129720024381594 0.687364129193881 0.726197136492759
0.172335089041255 0.485701250949759 -0.856968442774285
-0.84795085627531 -0.405075931341053 0.341895942049839
0.848908723864469 0.216425929600336 0.48219684314959
-0.585397098552488 -0.650722109550052 -0.483602081415143
0.648836060741115 -0.0616330057698049 -0.758428071000626
0.465186924875341 0.0960429844896835 -0.879986857887854
-0.442817947379504 0.0918269890881077 -0.891896894015006
-0.25513301541654 -0.252746015272305 0.933288056394399
0.936416172832476 -0.322432059510646 0.138428025549386
-0.477187273017766 0.825644472383951 -0.301004172216426
-0.204820927294831 0.975872653595034 0.0756369731511862
-0.406616024476456 -0.868907052304296 0.282248016990061
0.920667713892885 -0.0910039717195646 -0.379590882038166
0.171378997766418 0.932428987847653 -0.318127995853838
0.619191102324434 0.751820124242045 -0.226647037454559
0.387046996215648 0.811988992060778 0.436884995728357
0.130285982237788 -0.938936871992398 -0.318469956582198
0.252552009053358 0.805905028889681 -0.535476019195477
-0.657575702312917 0.0607439725009669 -0.7509356600485
-0.787903026679579 0.210572007130284 0.578678019594906
-0.66337502155405 0.646106020992954 -0.377466012264437
-0.022999001995451 -0.127615011072198 -0.991557086029975
-0.0812559871562734 -0.682384892138841 0.726462885171653
-0.632713228544285 -0.21893407908185 0.742793268306633
0.381851078060678 -0.885528181025888 -0.264631054097738
-0.00402799881306171 0.837407753239419 -0.546563838942964
-0.331932875605191 -0.923101654059412 -0.194174927231212
0.101691989978814 -0.49655995106675 -0.86202491505219
-0.456007091024952 0.889975177650633 -0.00131000026149311
-0.600510917003092 0.778703892374953 0.181677974890198
0.988136541211275 0.0604399719379089 -0.141184934448274
-0.757130303998478 0.577446231852793 0.305466122648949
-0.367401964136977 0.436310957410599 0.821369919824033
-0.971134680808477 0.19563793569793 0.136466955146185
0.259221975807721 0.963786910053145 -0.0625999941577619
-0.992404559958488 0.0761849662188697 -0.0965869571724351
0.799573765318338 0.578269830272914 -0.162128952413781
-0.502207872075367 0.580271852190561 0.641148836683704
0.123621008934647 -0.544719039369298 0.829457059948597
-0.870694996976076 0.343399998807372 0.352088998777195
0.702141376444072 0.710927381154576 0.0397460213093183
-0.888663310750507 -0.361589126441593 -0.282012098614854
-0.393042047387117 0.533759064352665 -0.748745090272457
-0.138882038941557 -0.910217255218583 -0.390149109395095
0.203278030686346 -0.106825016126039 0.973276146923345
-0.445810069411519 0.185248028842657 0.875749136351962
0.939730281975041 0.319030095728025 -0.122991036904635
0.561525285735022 -0.707684360108817 -0.428803218198717
0.411146906955204 0.621388859376299 0.666958849063561
-0.208082069535629 0.714432238744719 -0.668048223244384
-0.495994097204933 -0.868190170147926 0.0153520030086858
0.0754750090588885 0.985665118304463 0.150890018110575
-0.689419339201982 -0.586649288637974 0.424904209057596
0.831702546565044 -0.0310119830926126 0.554354697771999
-0.0344029908378999 0.342847908693786 -0.938760749992087
0.049357009503471 0.114276022003336 -0.992222191047936
0.975068920109194 0.1993909836632 0.0973849920209071
-0.195799914163197 -0.565089752270075 -0.801458648648219
0.0775409800884869 -0.942157758066167 0.326076916267698
0.897550168730023 -0.430220080876865 -0.0965110181430597
0.371070951080607 0.382384949589048 0.846219888440301
-0.200031926211437 -0.7701097159189 -0.605737776553067
-0.749951044781828 -0.599573035802306 -0.279438016686083
0.911711202333354 -0.194980043271341 0.361615080252159
-0.331240959039077 0.799873901088399 0.500480938111031
0.575745078903278 0.424972058240512 0.698510095727672
-0.187512955078933 0.276079933861609 0.942665774172657
-0.768324879036862 0.637732899596935 0.0545309914147777
0.560691205068921 0.791563289508785 0.243008088878524
0.463486957519105 -0.694609936335529 0.550178949573351
0.760861338534295 0.325422144791897 -0.561418249794965
-0.487143040009303 -0.72227305932065 0.490931040320413
-0.818876950540652 0.545137967074213 -0.179624989150831
0.274155097527678 -0.846696301202949 0.456009162220272
-0.703728902670429 -0.197626972667105 -0.682428905616336
-0.948433069750142 -0.0575950042356808 -0.311701022923273
0.000724000268838002 -0.995887369795954 0.0905970336407686
0.62513064545538 -0.497043718100244 0.601796658689316
0.267171907959828 -0.658835773032433 -0.703245757733285
-0.738949910099359 -0.44752394555424 -0.503661938724492
