# command_history: dirflip ElectricRepulsion/Elec220.txt dirflip/Elec220.txt -cartesian -nthreads 40  (version=3.0.4)
0.436956108540566 0.33939408430601 0.832995206917284
-0.88915320869762 0.347755081623344 0.297444069814593
-0.373983009854078 -0.30278300797803 0.876618023098009
0.483425238388163 0.839373413914438 -0.248500122541156
-0.106468959750163 -0.97042963313594 -0.216634918102701
0.484675131568717 -0.432428117385872 -0.760326206396279
-0.627745961688665 0.350509978608377 0.695037957581835
0.989321116908578 0.0831070098207975 -0.119737014149384
0.616905905044 -0.702572891857881 -0.354708945402139
-0.959096217242032 -0.200781045478317 -0.199553045200167
0.403294912132131 -0.915056800632021 0.0049259989267481
-0.0889380379185627 0.995346424364048 -0.0370880158124047
-0.28505107353321 -0.566675146182373 0.773062199423016
-0.801978380966287 0.182359086626605 -0.568837270216539
-0.558608284559602 -0.823184419336836 0.101608051759968
-0.403824875899385 -0.190304941516827 -0.894823725009079
-0.609836061169914 0.594158059597324 -0.524477052607936
-0.68504829176213 0.566450241251209 0.458086195098952
-0.218577078976831 -0.973451351729939 0.0679450245500706
-0.158930973164031 0.576803902604939 0.801272864702684
0.0445129888757826 0.0197909950540429 -0.998812750387236
0.205716978381821 -0.55280094190781 0.807521915139949
0.908258267390819 0.310966091548275 -0.279941082414527
0.173889961746908 0.788612826517421 -0.589789870255385
-0.411585885188957 0.894879750375118 -0.172589951856385
0.424325801174342 0.0219059897355456 0.905244575831006
0.184816062591574 -0.426977144604161 -0.885174299781588
-0.924634933225179 0.290210979041689 -0.246632982188783
0.0670120181649167 -0.987609267710787 -0.141906038466404
-0.0112359968133538 -0.753549786285399 0.657294813584316
-0.205755086746054 0.0906770382293113 0.974393410802887
-0.244678010217999 0.398087016624512 -0.884115036921529
0.877009649595688 0.4781248089679 0.0474419810448212
0.0334739983895325 0.863960958433975 -0.50244497582687
0.622053451187351 0.657597476968117 -0.424988308252207
0.259851967228901 0.120584984792486 0.958089879170982
-0.267292963953542 0.230954968853992 -0.935528873836923
0.33396884723016 0.794244636682802 -0.507582767812661
-0.324346924062123 0.522118877758671 0.788790815323978
-0.0769989940642633 -0.996275923198586 -0.0387999970089665
0.278539004497569 -0.744504012021506 0.606737009796983
-0.174227056548449 0.897470291289736 0.405206131516762
-0.678570889762775 0.734534880671146 -0.000237999961335719
0.985806144879504 0.0143520021092493 0.167273024583366
-0.109822958305667 -0.0497439811146763 -0.992705623118885
0.780993448942498 -0.351525202069048 0.51621629673928
0.570122148554182 0.356303092840306 0.740276192890461
-0.130462059787645 -0.408602187252619 -0.903340413979326
0.738363304512534 -0.509338210059016 0.442034182301786
0.476618951532145 0.683989930444383 -0.552260943840035
-0.360650916080509 0.195620954481161 0.911955787797944
-0.305083098964397 0.816865264978882 0.489546158801456
-0.568539047431509 -0.795096066332482 -0.211153017615864
0.750527846873947 -0.244543950107048 -0.613926874743889
0.417188930197414 0.447015925206866 -0.791283867605164
0.686883122739843 0.0484950086656224 0.725148129577456
-0.248914079668324 0.859509275097591 -0.446414142880896
-0.315371066080653 -0.691182144825484 0.650237136246152
-0.348888164948781 0.877452414845561 0.329172155627365
-0.0695279974390058 0.471277982640947 -0.879239967614076
-0.706081981575144 -0.351907990817137 -0.614498983964957
0.712432376461835 0.417754220748699 -0.563845297945802
-0.959950642692038 -0.253404905678911 0.119501955519588
0.791614919036401 0.246621974776369 -0.559037942823559
-0.656701350465515 0.732612390977388 0.17894809550024
-0.705750755808163 -0.676918765784117 -0.209037927672262
0.0987099907107981 -0.971235908600878 0.216695979607609
-0.975023427343599 0.0524870230045686 0.215811094587973
0.444945901963968 0.830417817031986 0.335304926121435
0.903731691834324 0.37543087198091 0.205719929851059
0.237868909954028 -0.968995633183866 -0.066826974702453
-0.383070181238016 0.4713552230074 -0.794406375849236
0.798637086369012 -0.464838050270146 -0.38223604133711
0.846276177676972 -0.494236103765622 -0.198865041752018
-0.754075086063726 0.0680240077636825 0.6532560745571
0.38241015456295 -0.90938736755717 -0.163637066139006
-0.470645709630277 0.776660520831285 0.418677741692451
0.671798895685091 0.29473195423491 -0.679572894477968
0.101392951914303 -0.306232854768797 0.946541551101829
-0.825160342249763 -0.3678081525549 0.428751177832091
-0.739376166868347 -0.615432138895664 0.273068061628192
-0.942748643687746 -0.0682979741867514 -0.326435876623421
0.503001149289506 -0.269298079927009 -0.821260243748023
-0.620183741474601 -0.738050692341419 0.265806889197624
-0.789368047642705 0.607656036675385 -0.0874770052797186
-0.205747017400129 -0.262775022223016 0.942665079721661
0.660143199555048 0.74945122655202 0.0503370152164038
0.550966695354345 -0.649698640762555 -0.523762710396226
0.541288186320086 -0.725620249770143 0.424832146234047
0.915008173216096 -0.170307032240061 -0.365726069233963
0.1998949245016 0.0856159676636685 -0.976069631347843
-0.884948097881902 -0.192680021311857 0.423959046893053
0.816867166642144 0.306492062524847 0.488662099687811
-0.736227009322843 -0.524989006647936 0.427032005407506
0.686725944806121 -0.289237976753222 0.666894946399988
-0.901997702758883 -0.415284863148502 0.118061961094281
-0.683717670845744 0.707672659313372 -0.178127914245947
0.022689996362601 -0.618865900790544 0.785168874130766
0.701857453569209 0.703550454663296 -0.111413071999718
0.829775077551612 0.429577040148702 0.356282033298477
-0.270501926303248 -0.918280749819494 -0.289117921231423
-0.365547872257673 -0.916341679780332 0.163378942906503
0.349041983278621 -0.362944982612577 -0.86396795861032
-0.0346140170799967 0.948480468019741 0.314939155404088
0.40300184902405 0.897217663876755 0.180526932369479
-0.784275320380847 0.561408229338396 -0.264070107874114
0.130906071004716 0.911083494180476 0.390884212019367
0.110883002144588 0.529190010235064 -0.841227016270172
-0.604574314932214 -0.557478290399158 0.568953296376668
-0.639376055566577 0.183925015984464 0.746572064882715
-0.034699005919061 0.336477057397271 0.941052160527514
0.200127992766074 -0.263409990478651 -0.943696965888658
-0.659177745939433 -0.21736891622158 -0.719885722541338
0.122423960800833 -0.817647738195777 0.562551819875437
-0.570718912855224 -0.436223933391664 0.695692893772573
0.847609090486089 -0.120837012899896 -0.516679055157817
-0.778124133773167 -0.171770029530277 -0.604167103866907
0.16500408222271 0.560489279295801 0.811557404404836
-0.567969772708198 0.0357949856754581 -0.822270670941322
-0.426293830203578 0.148365940904596 -0.892334644575597
-0.0683989968128462 -0.373873982578781 0.924953956900384
0.598351940943863 0.715675929364221 0.360253964443656
-0.153612956610951 0.691207804763545 -0.706140800545616
-0.0598690160453175 -0.987629264691592 0.144928038841734
-0.92507790655326 0.36336496329469 0.110438988844006
-0.340177056577402 -0.873806145329266 0.347480057792019
0.148285987228573 0.669242942360116 -0.728096937291198
-0.547648055882832 0.373613038124037 -0.748662076394605
-0.999227840378861 0.0389509937777935 0.00515199917699653
0.487304984796572 0.7724029759018 -0.407341987291338
0.353023972230253 0.148681988304304 -0.923724927337491
0.555901282225316 -0.789336400737904 0.260618132313123
0.844115227711087 -0.406968109784953 0.34906509416486
0.173886936491807 0.705430742357693 0.687117749046092
-0.252734990035923 0.961539962091288 -0.107544995760039
0.281607897211869 -0.671908754750326 -0.685007749969134
-0.834259776895189 0.298923920059235 0.463308876098019
0.210668922316797 -0.94792065045859 -0.238882911913017
0.188621071264355 0.882832333549568 -0.43015016251829
0.453654965748371 0.497592962430986 0.739322944180011
-0.776342721999873 0.62281077697804 0.0969469652843159
-0.947055938399696 0.113053992646516 -0.30050598045389
0.397907960904749 -0.713901929857711 -0.576205943386616
-0.0548239863995687 -0.944246765756485 0.324641919464628
0.412721189829917 -0.314237144532465 0.85493639322552
0.59856024450353 -0.507238207199749 -0.620028253272913
0.361965179516856 -0.0230150114143092 -0.931907462180086
0.634861303398702 -0.0122900058733645 -0.772528369189465
-0.60751006691906 -0.616415067899973 -0.500963055182587
0.977517925048816 -0.162714987523829 0.13409898971796
0.815954078589437 0.566536054566489 -0.115134011089248
-0.923082133212762 -0.00274900039671652 0.384593055501782
-0.0128510013674623 0.499766053179609 0.866065092157125
-0.268257925476081 -0.303604915656441 -0.914254746013667
0.16635994562917 0.823857730741505 0.541832822914704
0.874750739105194 -0.45375786466651 0.170043949284315
-0.112882007149044 -0.233236014771304 -0.965846061168965
-0.597678073429238 -0.497320061099503 -0.628851077259076
-0.947071116431983 -0.317795039069407 -0.0454160055833987
0.870564883134943 -0.491965933958252 -0.00928999875290601
0.511901788281303 -0.524565783043571 0.680284718639401
-0.0458049854598967 0.160786948960603 0.985925687032729
-0.318036987985517 -0.611340976905372 -0.724647972624974
0.726636785870707 0.476738859511992 0.4946908542218
-0.672127405476439 0.652749393786204 -0.349518210854963
0.555758096402364 -0.826417143351157 0.090375015676542
-0.988541752102427 -0.145082963617405 -0.0416669895511287
0.566777845413348 -0.210039942712349 0.796646782717408
0.452415850598512 0.575212810047217 -0.681505774946044
0.83689887179589 0.471676927744053 -0.277706957458213
-0.743423565608073 -0.109280936145747 0.659832614451338
0.408237181236529 -0.849163376985316 0.335058148748763
-0.901471032574206 -0.255067009216719 -0.349701012636271
0.382283866340586 0.92404367692297 -0.0015259994664588
0.979401565268716 -0.197387912384559 -0.0425509811127087
-0.657624922304908 0.447806947093851 -0.605803928427299
-0.245773070734237 -0.962959277142609 -0.110928031925425
0.322768122854286 0.738451281074549 0.592039225346157
0.520352040523978 0.852124066361721 0.0558420043488638
0.742850999620774 -0.607635999689802 -0.280981999856559
-0.161882985528795 0.805603927984651 0.569908949054132
-0.696822284923374 0.122304050008852 -0.706739288978333
-0.0446359957250993 -0.199439980899135 0.978892906248984
-0.780367894391259 -0.623405915633236 -0.0488979933825372
-0.308392931158996 -0.841375812183905 -0.443824900927198
-0.727945397472126 0.412461225211727 0.547696299052667
0.209444084880898 0.945827383313177 -0.248080100538823
0.80093207828751 -0.00630100061589449 0.59872205852239
0.013710997892798 -0.87478186555741 -0.484322925565868
0.818574774114732 0.535394852258079 0.208056942586799
0.727265924880343 0.585475939525901 0.358192963002072
0.460544916930139 -0.660164880924091 0.593363892973184
-0.023665006302347 -0.643043171252065 -0.765464203854626
0.940804643165097 -0.332006874074133 0.068249974113677
0.513496835597596 -0.81985373751362 -0.253299918902878
0.115986972594079 -0.129899969306654 0.98471976732601
-0.541894912519202 0.836400864975637 0.0823619867038938
-0.466475774247704 -0.740718641527078 -0.483462766026801
0.872857311508428 0.121178043246452 0.472690168695352
-0.951331649867207 -0.136334949822613 0.276370898283091
0.844876158601435 0.057070010713269 -0.531909099850783
-0.0226029974239139 -0.778882911229941 -0.62676192856732
0.244207912973962 0.424000848902872 -0.872115689212472
-0.303500044940772 -0.460115068131544 -0.834375123550106
0.548418098242256 0.1498050268357 0.822676147372162
-0.449873132576957 0.582057171531401 0.677365199618538
-0.394094057153495 0.778225112862105 -0.488933070907524
0.887799717160372 -0.0601769808285196 0.456278854636424
-0.273230944697379 0.0560899886472472 -0.96031180563051
0.954543099958804 -0.216088022628523 -0.205313021500175
-0.119124991462431 0.707507949293615 0.696592950075882
-0.0987020371082222 0.914986344000161 -0.391226147086192
-0.878327114894856 0.238357031179724 -0.414400054208089
0.468183993115588 0.629672990740973 0.61993199088421
-0.33752982886837 0.615781687791374 -0.711959639028011
-0.506750878201934 0.0944699772940492 0.856900794043062
0.497134171796425 0.092944032119 -0.862681298119847
-0.61990700873263 -0.157939002224887 0.768616010827494
-0.255605972008336 0.925368898661932 -0.279924969345138
-0.521951044179504 -0.290268024569157 0.802067067889366
