# command_history: dirflip ElectricRepulsion/Elec060.txt dirflip/Elec060.txt -cartesian -nthreads 40  (version=3.0.4)
0.654875163262036 0.355659088666711 0.666817166239207
-0.271923969254918 -0.933964894401265 -0.231876973782831
-0.118810026696319 0.110437024814926 0.986756221721681
-0.326879085335882 0.866547226223015 0.377155098461066
-0.394817021407374 -0.108337005874141 0.912350049468533
-0.906252839172307 0.349333938005633 -0.238057957753167
-0.566330005595907 0.470917004653131 -0.676393006683439
0.558539985720088 -0.665202982993088 -0.49551798733134
0.648904149591566 0.611989141081567 0.452098104221962
-0.435215844375111 0.497940821945855 0.750094731780424
0.0600849963114723 -0.972643940290849 -0.224395986224667
-0.290295108881152 0.619397232317673 -0.729435273589704
-0.00876099911828433 -0.548744944773763 0.835943915869772
0.098842970829022 0.637959811722457 0.763699774613519
-0.162887086261277 -0.917294485778191 0.363371192433077
-0.0950450099549673 0.821836086078705 -0.561740058836376
0.214959966538259 -0.721062887755754 -0.658680897466446
0.741626868276326 0.0399179929099863 0.6696238810651
0.847851664219861 0.200362920648986 -0.490919805577877
-0.943157900662371 0.304221967957975 0.133798985907689
-0.215650006858749 -0.732737023304701 0.645439020528188
0.0603599821635977 0.223623933919025 -0.972804712535764
0.814723295193042 0.561120203306792 0.146185052966217
0.265965090579879 -0.335097114124211 0.903865307829912
0.441982030245494 -0.764517052317051 0.469218032109295
-0.566123985895587 0.807613979879106 -0.1651159958863
0.716591225403089 -0.584614183889836 0.38042511966236
0.331271961842773 -0.943027891378282 -0.0309399964362077
-0.465735171158173 -0.168038061754167 -0.868823319293497
0.480715951906054 0.789298921033409 -0.381993961782843
-0.961362628167119 -0.253122902097902 -0.108215958144564
-0.920359553437051 0.00399899805966662 -0.391052810259267
0.393331042797173 0.915435099605752 -0.0852600092768863
-0.852276491735553 -0.324551187255379 -0.410233236691108
-0.571183211448066 -0.799445295949107 -0.186110068896657
-0.535412905621437 0.167225970522663 -0.827869854069324
0.442790950928581 -0.203221977478332 -0.873290903219288
0.143848027144916 -0.431269081382855 -0.89068216807664
0.893460343093752 0.414910159327814 -0.171983066042456
0.795825141985564 -0.511407091241681 -0.324230057846862
-0.399107835283042 -0.523870783791762 -0.75251068942912
0.806534665921313 -0.590580755372643 0.0267619889147851
-0.691379937704942 -0.710202936008943 0.132685988044661
-0.973847206882662 -0.0800550170067695 0.21263304517145
0.052107003268959 0.996034062486697 -0.0721180045243592
0.696694043104113 -0.0343600021258362 -0.716545044332285
-0.626271988343513 -0.286199994673103 0.725170986502755
0.994108027065088 -0.0726830019788311 0.0804140021893114
-0.738938827329968 -0.51951587860318 0.429036899745672
-0.702181833355067 0.35317491618295 0.618229853278927
0.505052838755341 0.581613814312258 -0.637688796409594
-0.371229760520501 -0.770179503158903 -0.518663665411215
0.0508700227438905 0.858370383775768 0.510502228244576
0.170568950593602 0.325483905721485 0.930035730609144
0.312160044227931 0.422488059859591 -0.850917120560924
-0.887018384669355 0.152189065999162 0.435932189048792
-0.605766870215371 0.776331833672087 0.174227962671924
0.215791063604317 -0.937112276213415 0.274326080857487
-0.210753965034445 0.0134329977713718 -0.977446837834741
0.78785329037008 -0.274495101167521 0.551307203188993
