-0.218382 0.890526 0.399089
-0.876171 -0.324679 -0.356241
0.204285 0.89318 -0.40062
-0.45375 -0.245899 0.856531
-0.277885 -0.339793 -0.89851
-0.938693 0.292481 0.182513
-0.521299 0.568829 -0.636145
0.795757 0.547025 -0.259875
-0.492899 0.418597 0.762776
-0.449258 -0.833303 -0.322138
-0.604889 0.786523 -0.12446
-0.172155 0.240929 -0.955152
-0.880933 0.177727 -0.4386
0.861096 0.090343 -0.500351
0.016835 -0.999794 0.011341
-0.016326 0.633532 0.773544
-0.0886651 -0.626933 0.774012
0.621817 0.042627 0.782001
0.682707 -0.640334 -0.35197
0.572455 0.816896 -0.070547
0.188125 -0.108633 -0.976119
0.99254 0.12047 -0.018723
-0.249831 0.850935 -0.462054
0.571887 0.562666 0.596953
0.594959 0.524343 -0.60917
0.848849 -0.49173 0.194054
-0.703717 0.169657 0.689927
0.129511 0.865604 0.483691
-0.489606 0.277953 -0.826455
0.377391 -0.923126 -0.073576
0.810861 0.569245 0.135882
-0.14816 -0.303001 0.941403
-0.386983 0.6817 0.620911
-0.471924 -0.765242 0.437826
0.977379 -0.145587 0.153412
-0.129801 -0.1086 -0.985575
-0.273528 -0.961044 -0.039712
-0.704915 -0.284113 -0.649904
-0.228673 0.628539 -0.743402
0.822137 -0.348869 -0.449868
0.920315 0.274689 -0.278508
-0.67621 0.623105 -0.393039
0.28646 0.633797 0.7185
0.480794 -0.064309 -0.874472
-0.216129 0.953446 -0.210306
0.161983 -0.421506 -0.892241
0.783466 -0.614916 -0.089772
-0.351811 -0.606179 0.713285
-0.718138 0.288702 -0.633189
-0.673326 -0.660308 -0.332604
0.713057 0.249255 -0.655302
0.020291 0.963191 0.26805
-0.936617 -0.085956 -0.339647
-0.020726 -0.826193 0.563006
-0.387927 -0.020801 -0.921455
0.497336 -0.815066 -0.297193
0.968419 -0.043227 -0.245553
0.356909 0.914557 -0.190266
0.91331 0.407199 -0.007354
-0.500884 -0.33759 -0.796962
0.641915 -0.49418 -0.586285
-0.138947 0.469247 -0.872067
-0.491794 0.791629 -0.362576
-0.114202 0.783197 0.611195
-0.269549 -0.0995951 0.957823
0.801982 0.011407 0.59724
-0.652308 -0.696657 0.298601
-0.372339 -0.763833 -0.527184
-0.919586 0.392639 -0.013975
-0.356855 0.287844 0.888707
0.03119 0.968553 -0.246845
0.776716 0.407232 -0.480494
-0.791991 0.419094 -0.44397
-0.091626 -0.451311 -0.88765
-0.651694 -0.750394 -0.110474
0.308783 0.440606 -0.842923
-0.605644 0.789254 0.101359
0.860485 -0.130366 -0.492514
-0.371672 0.478434 -0.795588
0.746607 0.458057 0.482453
-0.181771 0.968752 0.168755
0.016409 -0.082726 0.996437
0.670755 0.043867 -0.740381
0.958656 0.23881 0.154756
0.263216 0.923282 0.279762
-0.371237 0.726177 -0.578663
-0.264414 0.589551 0.763227
-0.205582 -0.772482 0.600839
-0.831373 0.482482 0.275735
0.623525 -0.145001 0.768239
-0.765798 -0.637093 0.087559
0.358095 -0.922298 0.145375
-0.346998 -0.510689 -0.786631
0.981729 -0.190152 -0.007094
0.030905 -0.203161 -0.978657
0.338143 -0.805773 -0.486199
0.765486 -0.634037 0.109668
-0.444252 -0.495339 0.746511
-0.302732 0.084703 -0.949304
-0.468831 -0.883287 0.001197
0.953159 0.089034 -0.289068
0.160696 -0.767696 0.620338
-0.790819 -0.226459 -0.568614
-0.506233 0.203464 0.838052
0.131243 0.98636 -0.099339
0.696333 -0.477903 0.53547
0.559193 -0.711957 -0.424759
0.704345 0.53859 -0.462405
0.549191 0.722614 0.419783
0.936573 -0.165716 0.308818
-0.47396 -0.137521 -0.869741
-0.154341 -0.499238 0.852608
0.719761 -0.381483 -0.580013
-0.873306 -0.44566 -0.196785
0.107835 -0.906827 0.407475
-0.537633 -0.137518 0.831889
0.171947 0.812084 0.557632
-0.299766 0.376029 -0.876779
0.84033 0.255099 -0.4783
-0.327087 0.914951 0.236387
-0.330054 -0.819958 0.467688
0.991236 0.013969 0.131365
-0.174842 -0.233704 -0.956458
-0.486877 0.839945 -0.239674
-0.514449 0.616196 0.596359
0.947306 0.300047 -0.112177
0.78211 -0.144927 0.606053
0.188193 0.603548 0.774799
-0.890343 0.243298 0.384833
-0.418565 -0.860945 0.289095
0.055381 -0.394185 0.917361
-0.111097 0.891322 0.439548
-0.529385 0.666857 -0.524454
-0.184025 0.295263 0.937526
0.65397 0.368199 -0.660873
0.237172 0.958147 0.160321
-0.717286 0.673568 0.178344
0.75597 0.592621 0.278047
0.53818 -0.377042 0.753791
0.890043 0.011345 0.455735
0.417765 0.680092 0.602451
0.413875 0.050511 -0.908931
-0.0995811 0.988548 -0.113387
-0.072722 -0.057369 0.995701
-0.521793 -0.689178 0.502757
-0.818302 0.056547 0.572001
-0.652479 -0.153333 -0.742132
0.087269 -0.705774 -0.703041
-0.074024 -0.755757 0.650654
-0.847277 -0.420447 0.32457
-0.663671 0.686743 -0.29652
0.855227 -0.437489 0.277832
0.565506 0.816161 0.118674
-0.980456 0.128634 0.148857
0.454842 -0.120795 0.882342
-0.122827 0.516966 0.847148
0.776215 -0.489284 -0.397606
-0.540239 -0.517401 -0.663655
-0.455726 0.880315 0.131756
-0.831961 -0.540649 0.124655
0.333083 0.341377 -0.87893
-0.092958 -0.922842 -0.373793
0.842525 -0.538234 -0.021327
0.035857 0.935661 -0.351074
-0.926768 -0.215068 -0.307972
0.361504 -0.573183 -0.735374
0.354311 0.698166 -0.622115
0.418643 -0.591203 0.689359
0.319681 -0.147618 -0.935956
-0.616682 -0.756574 0.217481
0.2169 8.44E-4 0.976193
-0.675604 -0.530789 -0.511685
0.739201 -0.261301 -0.620729
-0.013936 -0.985183 -0.170939
0.838783 -0.296404 0.456713
0.305843 -0.871098 0.384249
0.993292 0.027309 -0.112362
0.012989 0.5793 -0.815011
-0.360549 -0.316534 -0.877388
0.792087 0.155569 -0.590251
0.689173 -0.722718 0.052145
-0.339441 -0.871561 -0.353782
-0.5841 0.07348 0.808349
-0.739579 -0.672556 -0.026295
0.889417 -0.420358 -0.179546
-0.619068 0.336428 -0.709627
0.499443 -0.502707 -0.70558
0.331174 0.942638 -0.041926
0.366619 -0.929396 0.042577
-0.080512 -0.379987 -0.921481
0.973938 0.226391 -0.013855
0.245698 0.580729 -0.776135
-0.839957 -0.079052 -0.536864
0.108804 -0.197315 0.974284
0.463926 -0.801248 -0.377855
0.211236 0.921231 -0.32667
-0.667271 0.057751 -0.742573
-0.262709 0.423779 0.866831
-0.72365 -0.578008 0.377144
0.252072 0.823944 0.507519
-0.908197 0.143658 0.393117
0.391889 -0.301313 0.869272
0.654668 -0.556149 -0.511964
-0.057603 0.057998 0.996653
-0.122124 -0.992503 0.004848
0.946698 -0.202734 0.250324
0.539152 0.585235 -0.605652
-0.181265 0.804872 -0.565087
-0.193923 -0.66439 -0.721789
0.534199 0.766421 0.356693
-0.477896 0.294874 0.827445
0.753944 0.295083 0.586937
-0.1036 0.982304 0.15603
0.217999 0.142141 -0.965542
-0.998808 -0.011532 -0.047421
0.002021 0.656622 -0.754217
0.43707 -0.809659 0.39169
-0.78947 -0.068265 0.609981
-0.561404 -0.775567 0.288654
-0.300563 -0.415262 -0.858615
0.872824 -0.375396 -0.31186
0.88581 0.443783 0.135638
0.338686 -0.890238 -0.304579
-0.838734 0.42454 -0.341014
0.323947 -0.666491 -0.671452
0.559181 -0.109131 0.821831
-0.782708 -0.435809 -0.444341
0.58842 -0.805563 0.0695001
0.279347 0.947754 -0.15404
0.652859 0.315148 -0.688808
-0.197473 0.477086 -0.856384
-0.941172 0.337924 -0.001694
0.48577 0.669794 0.561608
-0.937402 -0.217651 0.271857
0.489011 0.389348 0.780561
-0.714171 0.641541 0.279971
0.209825 -0.671725 0.710464
0.340677 -0.076578 -0.937056
-0.954798 -0.190752 -0.227979
0.723474 0.637145 -0.265767
-0.200122 -0.130762 -0.971006
0.528791 -0.839646 -0.123994
0.271126 0.76504 -0.584127
-0.059952 0.596314 0.800509
-0.185081 -0.260051 0.947691
-0.74195 0.19596 -0.641178
-0.04392 0.98888 -0.142081
0.816733 0.340671 -0.465715
-0.638515 0.688165 -0.344568
0.949447 -0.042561 -0.311028
0.620147 0.769175 0.154229
0.639467 0.074985 -0.765153
-0.713454 0.434226 -0.549937
-0.127581 0.750857 0.648025
0.776877 -0.40027 -0.486052
-0.411948 0.725099 -0.551843
-0.44794 -0.100946 -0.888346
0.1557 -0.903853 -0.398507
-0.378446 -0.32263 0.867576
-0.541592 0.421127 0.727551
-0.907304 0.416263 -0.059368
0.725525 0.632627 0.27092
-0.220609 0.96505 0.141455
-0.669639 -0.110902 -0.73436
0.428584 0.855079 0.291813
0.342375 0.65589 -0.672746
0.042028 0.430446 0.901637
0.86528 -0.222976 0.448967
0.449853 -0.563989 0.692494
-0.263276 -0.945578 -0.191228
