-0.936617035950173 -0.0859560032992494 -0.339647013036672
-0.0439200080953147 0.988880182269918 -0.142081026188306
0.319680896164305 -0.147617952052147 -0.935955695991812
0.704345193289956 0.538590147802622 -0.462405126895544
-0.717286129557667 0.673568121661232 0.178344032212859
-0.34699813933956 -0.510689205070866 -0.786631315877375
-0.371672105241945 0.478434135472472 -0.795588225277203
0.620147289399552 0.76917535894538 0.154229071972941
0.860485099223833 -0.130366015032702 -0.492514056792538
-0.11420205906315 0.783197405054922 0.611195316098687
-0.154340990231064 -0.499237968400983 0.852607946034608
-0.791991441211823 0.4190942334739 -0.44397024733212
-0.387927124921283 -0.0208010066983933 -0.921455296729386
0.947305744618721 0.300046919111262 -0.112176969758551
-0.48687689229554 0.839944814191628 -0.239673946980534
-0.330054193077799 -0.819958479666011 0.467688273592108
0.49944280659131 -0.50270680532733 -0.705579726765009
0.263216119654917 0.923282419713204 0.279762127176535
-0.704914801492495 -0.284112919992392 -0.649903816983861
-0.537633066845536 -0.137518017098029 0.831889103431274
-0.941171890355363 0.337923960632537 -0.00169399980265242
-0.18126506759575 0.80487230014579 -0.565087210727276
0.338685954195945 -0.890237879603792 -0.304578958808592
0.0164090037631921 -0.0827260189721392 0.996437228519951
-0.873305763569526 -0.445659879346294 -0.19678494672432
0.0420280127876763 0.430446130969927 0.901637274337158
-0.616682341654137 -0.756574419157097 0.217481120488815
-0.741950240472048 0.195960063512235 -0.64117820781102
0.776876808603603 -0.400269901386917 -0.486051880253114
-0.37233897157825 -0.763832941694342 -0.527183959758468
-0.444252169360954 -0.495339188836709 0.746511284590312
-0.529385334891916 0.666857421857473 -0.524454331772538
0.840329622397549 0.255098885371214 -0.478299785075801
-0.103600027489442 0.982304260646612 0.156030041401329
-0.998808419934606 -0.0115320048484652 -0.0474210199374844
0.279346900479193 0.947753662350971 -0.154039945121354
0.765486457841798 -0.634037379221357 0.109668065593093
-0.262708915659549 0.42377886394942 0.866830721711409
-0.67560424775696 -0.530789194650518 -0.511685187644715
0.0553809979590164 -0.394184985472904 0.917360966192038
0.559193058944823 -0.711957075047755 -0.424759044774066
0.621817308850827 0.0426270211724417 0.782001388412757
-0.0740240435505413 -0.75575744463453 0.65065438279928
-0.703716866622092 0.169656967844324 0.689926869235758
-0.831961284636051 -0.540649184970445 0.124655042647801
-0.17484207078098 -0.23370409460998 -0.956458387201214
0.366619143548654 -0.929396363902429 0.0425770166709064
0.968418898849135 -0.0432269954849622 -0.245552974352116
0.12951097620767 0.865603840980799 0.483690911141635
-0.489606055700036 0.277953031621328 -0.826455094021669
0.936573311827922 -0.165716055174424 0.308818102819615
-0.26954889936744 -0.0995950628174845 0.95782264240943
0.0358569966859889 0.935660913523415 -0.351073967552692
0.652859131665705 0.31514806355765 -0.68880813891574
-0.0163260028306353 0.633532109843074 0.773544134118641
-0.468831031941694 -0.883287060178791 0.00119700008155222
0.88941690475724 -0.420357954986181 -0.179545980773409
-0.500883945153211 -0.337589963033901 -0.796961912732675
-0.228673097294249 0.628539267426545 -0.743402316297681
-0.386982767382794 0.681699590227091 0.62091062676763
-0.876171120752598 -0.324679044746782 -0.35624104909661
-0.663671247320455 0.686743255918356 -0.296520110499722
-0.521793299618495 -0.689178395732551 0.502757288687843
0.54919113329804 0.722614175390766 0.419783101888508
-0.506232847044553 0.203463938524499 0.838051746787312
0.528791042558956 -0.839646067577657 -0.123994009979472
0.801981652913243 0.0114069950632076 0.597239741522759
-0.17215504560646 0.240929063825731 -0.955152253034193
-0.789470074413084 -0.068265006434455 0.609981057494987
0.305843158999642 -0.871098452860684 0.384249199760836
-0.122124001252443 -0.992503010178615 0.00484800004971866
0.333082919074517 0.341376917059416 -0.878929786456124
-0.739578963981766 -0.672555967245853 -0.0262949987194073
0.855226800358445 -0.437488897873916 0.277831935143754
-0.193923042415822 -0.66439014531875 -0.721789157873351
-0.937401673852704 -0.21765092427338 0.271856905413659
0.0309050149179316 -0.203161098066394 -0.978657472400523
0.155699956041393 -0.903852744816194 -0.398506887489965
0.342375083327087 0.655890159630239 -0.672746163732645
-0.619068165001189 0.336428089668695 -0.709627189138024
0.654668314986862 -0.556149267585445 -0.511964246326281
0.958655538900218 0.238809885135816 0.154755925564584
-0.540239018652563 -0.517401017864046 -0.663655022913685
-0.41856523622259 -0.860945485885484 0.289095163154515
0.981729030737446 -0.190152005953564 -0.0070940002221096
-0.371236849079815 0.726176704784903 -0.578662764754249
-0.264413920870709 0.589550823569278 0.763226771594501
0.216900098083873 0.000844000381663389 0.976193441442096
-0.847277135802438 -0.420447067389682 0.324570052022417
0.588419968440387 -0.805562956794031 0.0695000962723968
0.755969839450922 0.592620874142155 0.278046940949787
0.0202910057863667 0.963191274672332 0.268050076439583
0.0129889991281654 0.579299961116809 -0.815010945295652
-0.890342549334536 0.243297876849702 0.384832805208843
-0.216129039638826 0.953446174865382 -0.210306038570867
0.670754795797118 0.0438669866452463 -0.740380774600362
0.865280371177237 -0.222976095649519 0.448967192592375
0.428584178234053 0.85507935559936 0.291813121355473
-0.360549169980766 -0.316534149229902 -0.877388413644426
-0.185081024926436 -0.260051035023286 0.947691127633628
0.842525397962753 -0.538234254232319 -0.021327010073709
0.338142952054883 -0.805772885749873 -0.486198931062102
0.594959035034164 0.52434303087594 -0.609170035870979
0.559181235280307 -0.109131045917825 0.821831345792597
0.204285075787224 0.8931803313588 -0.400620148625095
-0.184024959471267 0.295262934972775 0.93752579352403
0.696333332430308 -0.477903228151533 0.535470255634096
-0.790818900974454 -0.226458971643036 -0.568613928798737
0.723473827093393 0.637144847725585 -0.265766936483039
0.682707218362232 -0.640334204809327 -0.351970112576779
-0.273527975428436 -0.961043913667507 -0.0397119964325921
0.480794048872477 -0.0643090065369787 -0.874472088889655
0.993292001098084 0.0273090000301901 -0.112362000124216
-0.299766168103219 0.376029210870096 -0.876779491681418
0.107835028534285 -0.906827239956041 0.407475107822206
0.417765014394094 0.680092023432571 0.60245102075745
0.913309879891996 0.407198946449881 -0.00735399903288668
0.739200696024844 -0.261300892547477 -0.620728744743047
-0.521299119985608 0.568829130925425 -0.636145146419319
-0.220609071653176 0.965050313445498 0.141455045944182
-0.0576030266119708 0.0579980267944566 0.996653460443042
-0.782707913109251 -0.435808951619544 -0.444340950672381
-0.205582009973914 -0.772482037477353 0.600839029150007
0.977378742971904 -0.145586961713983 0.153411959656188
-0.122826996868587 0.516965986820211 0.847147978402386
-0.831373109875109 0.482482063765316 0.275735036441421
-0.47396011514341 -0.137521033409226 -0.869741211294086
0.572454805064861 0.816895721826632 -0.0705469759769951
-0.453749833323651 -0.245898909673724 0.856530685369785
0.497336159023014 -0.815066260617071 -0.297193095027359
0.861096300494245 0.0903430315267422 -0.500351174606079
0.171947030839648 0.812084145651771 0.557632100014393
-0.491794204622579 0.791629329376054 -0.362576150858359
0.890043159718705 0.0113450020358665 0.455735081781896
-0.492898975654241 0.41859697932424 0.762775962324208
0.245698096206794 0.580729227393284 -0.77613530390748
0.776715949313072 0.407231973424857 -0.480493968643926
-0.197472980985229 0.477085954061157 -0.856383917538368
-0.673326007421399 -0.660308007277915 -0.332604003665961
0.848849011622016 -0.491730006732521 0.19405400265689
0.0168349993439233 -0.99979396103703 0.0113409995580299
-0.300562945321895 -0.415261924455973 -0.85861484380166
-0.938692681417614 0.29248090073507 0.182512938057036
-0.0207259979651113 -0.82619291888397 0.563005944723798
0.087269023339318 -0.70577418875298 -0.703041188022064
-0.652479078377749 -0.153333018418823 -0.742132089147138
0.973937964086038 0.226390991651832 -0.0138549994890969
0.377391187462892 -0.923126458547951 -0.0735760365476912
-0.302732098925449 0.0847030276788787 -0.949304310209441
-0.676210182358358 0.623105168037155 -0.393039105993621
-0.356855037253884 0.287844030049479 0.888707092776582
-0.471924191927833 -0.765242311217989 0.43782617806044
-0.0929580114534967 -0.922842113704768 -0.373793046055605
0.810861263825918 0.56924518521249 0.135882044211269
-0.514449169537266 0.616196203068108 0.596359196530802
0.413875115987069 0.0505110141555369 -0.908931254724838
0.689173057725827 -0.72271806053559 0.0521450043677179
0.953159266378981 0.0890340248822979 -0.289068080785723
0.237172112154686 0.958147453091749 0.160321075813129
0.418643255468961 -0.591203360770433 0.689359420668272
0.713057338175366 0.24925511821201 -0.655302310784403
-0.129800977919168 -0.108599981525733 -0.985574832340923
-0.926768035573065 -0.215068008255171 -0.307972011821198
0.00202100018349268 0.656622059616689 -0.754217068477633
0.286459968659992 0.633796930659767 0.71849992139288
-0.718138236422277 0.28870209504522 -0.633189208455736
0.719760907662239 -0.381482951059746 -0.580012925590437
-0.765797752672637 -0.637092794240085 0.0875589717213461
0.0311899971315497 0.968552910925099 -0.246844977298409
0.188124958003459 -0.108632975749049 -0.976118782093708
0.358095085861543 -0.922298221142238 0.145375034857012
-0.667270857947725 0.0577509877056534 -0.742572841917026
0.308783035162053 0.440606050173136 -0.842923095986187
-0.339440919768735 -0.8715607939953 -0.353781916379055
-0.980456450842903 0.128634059149749 0.148857068448887
0.783466128411676 -0.614916100785987 -0.0897720147138139
-0.561404068934529 -0.775567095231502 0.288654035443687
0.571886813412236 0.562665816420742 0.596952805234031
-0.584099933938009 0.0734799916893767 0.808348908575339
0.454841981362168 -0.120794995050244 0.882341963844715
0.361504214483948 -0.573183340075222 -0.735374436304769
0.356909055091415 0.914557141168308 -0.190266029368896
-0.907304003171481 0.416263001455047 -0.0593680002075208
-0.249831024770498 0.850935084369367 -0.462054045812199
0.795756773488265 0.547024844289674 -0.259874926026743
-0.818301643869474 0.0565469753903658 0.572000751061323
0.108803954721407 -0.19731491788771 0.974283594553428
-0.839957027278025 -0.0790520025672534 -0.536864017434928
0.463925978658246 -0.801247963140591 -0.377854982617727
0.565506188813217 0.816161272502828 0.11867403962331
0.53915220772649 0.585235225481519 -0.605652233347857
0.991235651143595 0.0139689950837388 0.131364953767295
-0.080512018691914 -0.379987088218953 -0.921481213933868
0.776215353132657 -0.489284222595749 -0.397606180887593
0.538180200782961 -0.377042140665965 0.753791281222619
-0.11109700581054 0.891322046617481 0.439548022989021
-0.605643946057416 0.789253929703918 0.10135899097231
0.83878341239887 -0.296404145730987 0.456713224549049
0.188192973280928 0.603547914310084 0.774798889996386
0.160696033177628 -0.767696158500101 0.620338128076264
-0.0727219937151474 -0.0573689950419996 0.995700913948544
0.534199102274832 0.766421146734792 0.3566930682905
-0.0139360007155718 -0.985183050586195 -0.170939008777206
-0.908196824054138 0.143657972169 0.393116923841073
0.211235948040505 0.921230773397064 -0.326669919646233
-0.477895882744197 0.294873927650184 0.827444796979411
0.391888936852197 -0.301312951447339 0.869271859928152
-0.723649939466685 -0.578007951649637 0.377143968451908
0.992540385488369 0.120470046788828 -0.018723007271746
-0.148159955551279 -0.303000909098226 0.94140271757452
0.252072057512641 0.823944187990715 0.507519115795321
0.753943783620427 0.295082915312101 0.586936831550914
0.64191537203821 -0.494180286414622 -0.586285339796424
0.131243064862307 0.986360487474269 -0.0993390490948603
0.946697866072556 -0.202733971319633 0.250323964587172
0.354311155630855 0.698166306668919 -0.622115273263572
0.161983016003437 -0.421506041643534 -0.892241088150747
0.437070232241482 -0.809659430220344 0.391690208128368
0.792087090166843 0.155569017709122 -0.590251067190939
-0.327086991538423 0.914950976330676 0.236386993884787
0.489011220557314 0.389348175606579 0.780561352054324
0.88580983425038 0.443782916960902 0.135637974619899
0.872823759366014 -0.375395896504867 -0.311859914021481
-0.0886650528926685 -0.626932666913581 0.774011588771231
0.782109950634004 -0.144926990852354 0.606052961746544
0.323947048560638 -0.666491099909023 -0.671452100652692
0.653969873577826 0.368198928821631 -0.660872872243373
0.331173932639891 0.942637808269375 -0.0419259914723381
-0.277885058887463 -0.339793072006577 -0.89851019040601
-0.604889174374452 0.786523226735016 -0.124460035878722
0.485769990041715 0.669793986269223 0.561607988487036
0.920314792004279 0.274688937918934 -0.278507937055821
-0.138947009149175 0.469247030898276 -0.872067057422565
-0.8387342170007 0.42454010983873 -0.34101408822854
0.217999111000162 0.142141072374983 -0.965542491632154
-0.954798013964398 -0.190752002789843 -0.227979003334307
-0.714171416803773 0.641541374415524 0.279971163396398
-0.0995810922550704 0.988547923115584 -0.113386991181315
0.209824989346556 -0.671724965894509 0.710463963927614
-0.200121983233381 -0.130761989044499 -0.971005918647186
-0.652308241447374 -0.696657257862855 0.298601110525131
0.746607326675494 0.458057200421369 0.48245321109576
-0.218382078123909 0.890526318576497 0.399089142769976
0.340677177910356 -0.0765780399910157 -0.937056489354922
0.623525038425667 -0.145001008935905 0.768239047343885
-0.0599520213434929 0.596314212293562 0.800509284988961
0.816733006225547 0.340671002596765 -0.465715003549913
-0.45572592484237 0.880314854819807 0.131755978271003
-0.651693762279103 -0.750393726275929 -0.110473959701979
0.271126018761243 0.765040052938861 -0.584127040420132
0.949447255727007 -0.0425610114635121 -0.311028083773248
-0.638515134383825 0.688165144833316 -0.344568072518838
0.63946702950405 0.0749850034596957 -0.765153035303014
-0.713454166534134 0.434226101356851 -0.549937128366064
0.822136982178537 -0.348868992437567 -0.449867990248212
-0.351811096574446 -0.606179166400144 0.713285195801449
-0.447940234220843 -0.10094605278309 -0.888346464502274
-0.12758102892039 0.7508571702062 0.648025146895977
-0.411947915312992 0.725098850936369 -0.551842886553807
-0.541591918167092 0.421126936368988 0.727550890069251
0.725524603445047 0.632626654220916 0.270919851921481
-0.378446074252641 -0.322630063301315 0.867576170221932
-0.880933089406785 0.177727018037694 -0.438600044513959
-0.091626024505521 -0.451311120703852 -0.887650237403419
-0.263275979695631 -0.945577927075142 -0.191227985252116
-0.669638915114902 -0.110901985941788 -0.734359906910708
-0.18177105598822 0.968752298390285 0.168755051979095
-0.919586415495904 0.392639177405807 -0.0139750063143146
0.449853167847896 -0.563989210434001 0.692494258381428
-0.449258105257368 -0.833303195235878 -0.322138075474222
