-0.938693 0.292481 0.182513
0.204285 0.89318 -0.40062
-0.277885 -0.339793 -0.89851
-0.218382 0.890526 0.399089
-0.45375 -0.245899 0.856531
-0.876171 -0.324679 -0.356241
-0.521299 0.568829 -0.636145
0.795757 0.547025 -0.259875
-0.492899 0.418597 0.762776
-0.449258 -0.833303 -0.322138
-0.604889 0.786523 -0.12446
-0.172155 0.240929 -0.955152
-0.880933 0.177727 -0.4386
0.861096 0.090343 -0.500351
0.016835 -0.999794 0.011341
-0.016326 0.633532 0.773544
-0.0886651 -0.626933 0.774012
0.621817 0.042627 0.782001
0.682707 -0.640334 -0.35197
0.572455 0.816896 -0.070547
0.188125 -0.108633 -0.976119
0.99254 0.12047 -0.018723
-0.249831 0.850935 -0.462054
0.571887 0.562666 0.596953
0.594959 0.524343 -0.60917
0.848849 -0.49173 0.194054
-0.703717 0.169657 0.689927
0.129511 0.865604 0.483691
-0.489606 0.277953 -0.826455
0.810861 0.569245 0.135882
0.377391 -0.923126 -0.073576
-0.14816 -0.303001 0.941403
-0.386983 0.6817 0.620911
-0.471924 -0.765242 0.437826
0.977379 -0.145587 0.153412
-0.129801 -0.1086 -0.985575
-0.273528 -0.961044 -0.039712
-0.704915 -0.284113 -0.649904
0.822137 -0.348869 -0.449868
0.209825 -0.671725 0.710464
-0.67621 0.623105 -0.393039
0.28646 0.633797 0.7185
0.920315 0.274689 -0.278508
-0.216129 0.953446 -0.210306
0.480794 -0.064309 -0.874472
0.161983 -0.421506 -0.892241
-0.718138 0.288702 -0.633189
-0.351811 -0.606179 0.713285
0.783466 -0.614916 -0.089772
-0.673326 -0.660308 -0.332604
0.713057 0.249255 -0.655302
-0.936617 -0.085956 -0.339647
0.020291 0.963191 0.26805
-0.387927 -0.020801 -0.921455
0.497336 -0.815066 -0.297193
-0.020726 -0.826193 0.563006
0.968419 -0.043227 -0.245553
0.91331 0.407199 -0.007354
-0.138947 0.469247 -0.872067
0.356909 0.914557 -0.190266
-0.114202 0.783197 0.611195
-0.500884 -0.33759 -0.796962
-0.491794 0.791629 -0.362576
0.641915 -0.49418 -0.586285
-0.269549 -0.0995951 0.957823
0.801982 0.011407 0.59724
-0.652308 -0.696657 0.298601
-0.372339 -0.763833 -0.527184
-0.919586 0.392639 -0.013975
-0.356855 0.287844 0.888707
0.03119 0.968553 -0.246845
0.776716 0.407232 -0.480494
-0.791991 0.419094 -0.44397
-0.091626 -0.451311 -0.88765
-0.371672 0.478434 -0.795588
-0.651694 -0.750394 -0.110474
0.860485 -0.130366 -0.492514
-0.605644 0.789254 0.101359
0.308783 0.440606 -0.842923
0.746607 0.458057 0.482453
0.016409 -0.082726 0.996437
-0.181771 0.968752 0.168755
0.958656 0.23881 0.154756
0.670755 0.043867 -0.740381
-0.264414 0.589551 0.763227
0.271126 0.76504 -0.584127
0.263216 0.923282 0.279762
-0.411948 0.725099 -0.551843
-0.831373 0.482482 0.275735
0.623525 -0.145001 0.768239
