0.055381 -0.394185 0.917361
0.463926 -0.801248 -0.377855
0.88581 0.443783 0.135638
-0.838734 0.42454 -0.341014
0.279347 0.947754 -0.15404
0.042028 0.430446 0.901637
-0.78947 -0.068265 0.609981
-0.652479 -0.153333 -0.742132
0.305843 -0.871098 0.384249
0.539152 0.585235 -0.605652
0.252072 0.823944 0.507519
0.872824 -0.375396 -0.31186
0.340677 -0.076578 -0.937056
0.53818 -0.377042 0.753791
-0.998808 -0.011532 -0.047421
-0.1036 0.982304 0.15603
0.620147 0.769175 0.154229
0.499443 -0.502707 -0.70558
-0.074024 -0.755757 0.650654
-0.540239 -0.517401 -0.663655
0.689173 -0.722718 0.052145
-0.847277 -0.420447 0.32457
0.890043 0.011345 0.455735
0.2169 0.000844 0.976193
-0.378446 -0.32263 0.867576
-0.529385 0.666857 -0.524454
-0.127581 0.750857 0.648025
-0.561404 -0.775567 0.288654
0.739201 -0.261301 -0.620729
0.366619 -0.929396 0.042577
-0.782708 -0.435809 -0.444341
-0.263276 -0.945578 -0.191228
-0.941172 0.337924 -0.001694
-0.072722 -0.057369 0.995701
0.953159 0.089034 -0.289068
-0.228673 0.628539 -0.743402
-0.360549 -0.316534 -0.877388
0.035857 0.935661 -0.351074
-0.74195 0.19596 -0.641178
-0.262709 0.423779 0.866831
-0.714171 0.641541 0.279971
0.652859 0.315148 -0.688808
-0.765798 -0.637093 0.087559
0.245698 0.580729 -0.776135
-0.193923 -0.66439 -0.721789
0.454842 -0.120795 0.882342
-0.954798 -0.190752 -0.227979
-0.5841 0.07348 0.808349
0.1557 -0.903853 -0.398507
-0.663671 0.686743 -0.29652
0.549191 0.722614 0.419783
-0.330054 -0.819958 0.467688
0.654668 -0.556149 -0.511964
-0.0995811 0.988548 -0.113387
0.946698 -0.202734 0.250324
0.030905 -0.203161 -0.978657
-0.299766 0.376029 -0.876779
0.947306 0.300047 -0.112177
-0.908197 0.143658 0.393117
-0.468831 -0.883287 0.001197
0.528791 -0.839646 -0.123994
-0.790819 -0.226459 -0.568614
-0.181265 0.804872 -0.565087
0.323947 -0.666491 -0.671452
0.704345 0.53859 -0.462405
-0.185081 -0.260051 0.947691
-0.713454 0.434226 -0.549937
-0.092958 -0.922842 -0.373793
-0.346998 -0.510689 -0.786631
0.842525 -0.538234 -0.021327
-0.537633 -0.137518 0.831889
0.75597 0.592621 0.278047
-0.44794 -0.100946 -0.888346
-0.486877 0.839945 -0.239674
-0.477896 0.294874 0.827445
-0.980456 0.128634 0.148857
-0.122124 -0.992503 0.004848
0.012989 0.5793 -0.815011
0.84033 0.255099 -0.4783
-0.059952 0.596314 0.800509
0.354311 0.698166 -0.622115
-0.327087 0.914951 0.236387
-0.667271 0.057751 -0.742573
0.428584 0.855079 0.291813
0.418643 -0.591203 0.689359
0.86528 -0.222976 0.448967
0.723474 0.637145 -0.265767
-0.174842 -0.233704 -0.956458
0.776877 -0.40027 -0.486052
0.417765 0.680092 0.602451
