-0.339441 -0.871561 -0.353782
0.696333 -0.477903 0.53547
0.639467 0.074985 -0.765153
-0.200122 -0.130762 -0.971006
0.973938 0.226391 -0.013855
-0.455726 0.880315 0.131756
-0.205582 -0.772482 0.600839
0.361504 -0.573183 -0.735374
0.753944 0.295083 0.586937
0.889417 -0.420358 -0.179546
-0.616682 -0.756574 0.217481
-0.197473 0.477086 -0.856384
-0.04392 0.98888 -0.142081
0.188193 0.603548 0.774799
0.816733 0.340671 -0.465715
0.936573 -0.165716 0.308818
0.217999 0.142141 -0.965542
0.43707 -0.809659 0.39169
0.719761 -0.381483 -0.580013
0.725525 0.632627 0.27092
0.559181 -0.109131 0.821831
-0.111097 0.891322 0.439548
-0.444252 -0.495339 0.746511
0.765486 -0.634037 0.109668
-0.184025 0.295263 0.937526
0.331174 0.942638 -0.041926
0.949447 -0.042561 -0.311028
0.489011 0.389348 0.780561
0.160696 -0.767696 0.620338
-0.926768 -0.215068 -0.307972
0.559193 -0.711957 -0.424759
-0.831961 -0.540649 0.124655
0.108804 -0.197315 0.974284
-0.013936 -0.985183 -0.170939
-0.506233 0.203464 0.838052
0.78211 -0.144927 0.606053
-0.521793 -0.689178 0.502757
0.48577 0.669794 0.561608
0.449853 -0.563989 0.692494
0.981729 -0.190152 -0.007094
0.087269 -0.705774 -0.703041
-0.154341 -0.499238 0.852608
0.358095 -0.922298 0.145375
-0.818302 0.056547 0.572001
0.211236 0.921231 -0.32667
-0.717286 0.673568 0.178344
-0.47396 -0.137521 -0.869741
0.565506 0.816161 0.118674
-0.080512 -0.379987 -0.921481
0.855227 -0.437489 0.277832
0.65397 0.368199 -0.660873
-0.873306 -0.44566 -0.196785
0.338143 -0.805773 -0.486199
0.391889 -0.301313 0.869272
0.107835 -0.906827 0.407475
0.171947 0.812084 0.557632
0.413875 0.050511 -0.908931
-0.937402 -0.217651 0.271857
-0.638515 0.688165 -0.344568
-0.839957 -0.079052 -0.536864
0.776215 -0.489284 -0.397606
-0.057603 0.057998 0.996653
-0.72365 -0.578008 0.377144
-0.220609 0.96505 0.141455
-0.675604 -0.530789 -0.511685
0.002021 0.656622 -0.754217
-0.541592 0.421127 0.727551
0.991236 0.013969 0.131365
-0.418565 -0.860945 0.289095
-0.619068 0.336428 -0.709627
-0.122827 0.516966 0.847148
0.237172 0.958147 0.160321
0.333083 0.341377 -0.87893
0.58842 -0.805563 0.0695001
-0.890343 0.243298 0.384833
-0.669639 -0.110902 -0.73436
-0.300563 -0.415262 -0.858615
-0.739579 -0.672556 -0.026295
-0.371237 0.726177 -0.578663
0.792087 0.155569 -0.590251
-0.907304 0.416263 -0.059368
-0.302732 0.084703 -0.949304
0.534199 0.766421 0.356693
0.342375 0.65589 -0.672746
-0.514449 0.616196 0.596359
0.131243 0.98636 -0.099339
0.838783 -0.296404 0.456713
0.319681 -0.147618 -0.935956
0.338686 -0.890238 -0.304579
0.993292 0.027309 -0.112362
