# command_history: dirorder ElectricRepulsion/Elec110.txt ElectricRepulsion_dirorder/Elec110.txt -cartesian -nthreads 40  (version=3.0.4)
-0.278856011510619 -0.957152039509323 -0.0780980032237295
-0.607100057864834 0.113747010841626 0.78644207495855
0.814214937132432 -0.240017981467612 0.52862595918347
-0.0376630086528889 0.493429113362885 -0.868970199641582
-0.649792973673638 0.74579096978428 0.146849994050373
-0.394844033570431 -0.486812041389735 -0.77917406624694
0.938196069865118 0.318093023687593 -0.136400010157368
-0.512567943022438 -0.623982930637437 0.589846934432029
0.165970965361365 -0.807845831400169 -0.565542881969516
-0.460038032628429 0.793793056300171 -0.397816028215302
-0.867997837834583 -0.348254934936581 -0.353974933867931
-0 -0 -1
-0.913132312623228 0.169357057981685 0.370820126955298
0.0438580210613066 -0.945522454054647 0.32258915491235
0.452457091712383 -0.00400500081180774 0.891777180761915
0.676500776252141 0.724280760449248 0.133281955917933
0.44063107578723 -0.495782085273039 -0.74836112871588
-0.935014115317168 0.354226043687409 -0.016508002035965
0.395106854140603 0.289963892955644 -0.87167167820982
0.21154596792371 -0.960777854319186 -0.17931597281068
0.468050118709226 -0.477289121052469 0.743723188626818
-0.378985142664815 -0.803161302341294 -0.459676173040071
0.752151161241294 0.266326057093255 -0.602776129219242
0.0414359791856977 -0.485171756286401 -0.873436561251526
0.538403191996497 0.812240289647782 -0.224472080047544
-0.969551858467739 -0.113824983384172 -0.216824968348544
0.098196977531454 -0.720141835223645 0.68684284284282
-0.740640797974697 0.588734839410231 0.323793911678423
0.630645999221467 0.126671999843623 0.765662999054789
-0.663751445971428 0.674280453045817 -0.323697217490615
0.23065000619007 -0.1252650033618 -0.964940025896578
0.820851513539733 0.509864697839484 -0.257372847473432
-0.110927050162388 -0.841773380658847 -0.528311238907944
0.200238071378478 0.906126323005096 -0.372612132824325
0.713458167683736 0.497591116948605 0.493336115948554
-0.360894915104353 0.932301780688618 -0.0238379943924343
0.788696815853906 -0.189564955740095 -0.584826863453763
-0.905373197251416 0.322356070230919 -0.276380060214239
0.247577105843816 -0.355595152023538 0.901253385302578
0.203653958581066 0.350300928756155 0.914228814065077
0.354491872062311 0.533862807326545 -0.767675722942427
-0.398001038581028 0.702790068126364 0.589645057158426
-0.96422390783177 -0.0788139924663284 0.25310197580649
-0.788098303936474 0.0101180039020899 -0.615466237359524
-0.0341389896568777 -0.990589699880093 -0.132538959844545
0.277150980997698 0.740464949231503 -0.612289958019565
0.701293088610842 -0.708790089558114 0.0761880096266223
-0.848643027118813 -0.528952016902926 -0.00384400012283695
-0.422528860223673 -0.0169639943881589 0.90619070022401
0.516176624849934 0.616837551690958 0.594199568143932
0.368177100134428 -0.703182191246948 0.608260165430669
0.609914992413572 -0.563643992989114 -0.557053993071084
0.985030085835525 -0.127262011089612 0.116276010132292
-0.238424097067596 0.121670049534503 -0.963509392265469
-0.51194099482786 -0.858949991322028 -0.0110149998887155
0.000806000032518878 0.707966028563598 0.706246028494203
0.720105041134201 0.477841027295475 -0.503107028738732
-0.658534131112183 0.36640307294976 -0.657329130872271
0.893995215110473 -0.378121090982374 -0.240410057846754
0.291482025038161 -0.918719078917513 0.266446022887581
-0.247430000820849 0.38040100126198 0.891108002956251
-0.761573053458242 -0.263801018517381 -0.59195904155227
-0.183231918117156 -0.398536821901506 0.898662598404849
-0.322342038649135 0.863397103522182 0.388125046536584
-0.10674301814498 -0.986930167765806 0.120726020521916
-0.745043058327188 -0.0337090026389768 0.666164052151987
-0.609900292900417 -0.698415335409156 -0.374483179842969
0.768876050322555 -0.469462030726056 0.434091028411042
-0.225525041868502 -0.117554021823789 -0.967119179544725
-0.995189371566461 -0.0960050358446869 0.0195230072891602
-0.416340075142729 -0.800974144563031 0.430234077650374
0.204173918902033 0.926865631848581 0.315012874876753
-0.631256790781965 0.35140288353421 0.691397770849383
-0.460016042324238 0.25312402328893 -0.851066078303189
0.05502001216201 0.834935184559938 -0.547591121043388
-0.875886206524795 -0.297216070080437 0.380113089626686
0.460751913840782 -0.869918837327802 -0.175922967102936
-0.168796939531968 -0.566334797122205 -0.806704711014626
-0.211425911520706 -0.138825941902952 0.967484595118908
0.887516076793219 0.124044010733033 0.443766038397302
-0.825919856652536 0.557368903262504 0.0848309852766506
-0.714497060199595 -0.69084105820647 0.110601009318633
-0.433471041300906 -0.246932023527561 -0.866676082576468
-0.568589095219918 -0.411039068835485 0.712568119331655
-0.204171982681214 0.846960928156966 -0.490887958360676
0.796331410577034 0.551168284174449 0.24913812845204
-0.78660775610247 0.400324875874287 0.470093854241547
-0.584243033929915 0.59739903469395 -0.549340031902923
-0.0571220023131841 0.927627037564722 0.369114014947457
0.439061854495584 -0.254571915635263 -0.861636714454933
0.979792702117099 -0.149451954562652 -0.132929959585776
0.0159059986908648 -0.250916979348404 0.967877920339295
0.333773113604038 0.927084315545253 -0.170617058071744
0.526341095499863 -0.836846151838217 0.150511027308874
0.594840140105094 0.38557609081629 0.705334166130197
0.226818874297582 -0.616964658079824 -0.753596582358774
-0.925884209880845 0.0999700226613573 -0.364341082589393
-0.123839979337239 -0.636494893800518 0.761273872981084
0.455493040494472 0.856539076148469 0.242625021569972
0.87960972956403 0.0582199821002692 -0.472119854846773
-0.642823095506163 0.136393020264322 -0.753774111990489
0.546767933302791 -0.741720909521551 -0.388451952614886
-0.64869409819413 -0.662206100239469 0.375072056775412
-0.0179320007457561 0.248702010343019 0.968414040274404
0.829343014869291 -0.528678009478668 0.180803003241617
-0.128202942469904 0.989059556167042 -0.0729739672534868
0.935507791627824 0.334192925562879 0.114630974467443
0.585826936753834 0.168085981853354 -0.792813914407418
0.282379089918129 0.704763224418142 0.650823207241992
-0.254456897636718 0.570434770524691 -0.780932685845291
