# command_history: dirorder ../ElectricRepulsion/Elec020.txt ../ElectricRepulsion_dirorder/Elec020.txt -cartesian -nthreads 12  (version=3.0.4)
-0.855030554990486 -0.480157750096922 0.195885898049154
-0.428878175167392 0.867093354148312 0.253402103497422
-0.198427005630366 0.183236005199322 -0.962835027320444
0.690314668757418 -0.403909806186753 0.600268711965329
0.168343943589553 0.896560699571077 0.409681862719523
-0.625804683860763 -0.223903886889942 0.747151622559642
-0.96632578775961 -0.0476789895279548 -0.252865944461415
-0.00278599994759395 -0.980687981552769 0.195558996321438
0.266428963525478 0.453088937971449 0.850720883535043
-0.68864629909809 0.405965176321878 0.600798260943263
-0.399718932473488 -0.680996884955801 0.613569896346578
-0.86228326940924 0.506426158226294 0.000331000103416695
0.701264389058435 0.583572323763389 0.409477227176186
0.109683991346701 -0.655862948257007 0.746868941077271
-0.256130069613345 0.0837290227566305 0.96300926173536
0.664621869780317 0.112880977883176 0.738603855284992
-0.505636144271159 -0.860974245658373 0.0552760157716867
-0.947965612753282 0.0333149863907309 0.316624870657817
0.490997897545198 -0.811799830604588 0.316072934046174
-0.224707080335717 0.635190227088804 0.738945264182585
