# command_history: dirorder ElectricRepulsion/Elec170.txt ElectricRepulsion_dirorder/Elec170.txt -cartesian -nthreads 40  (version=3.0.4)
0.715100979774799 -0.356613989913887 0.601212982995894
-0.419184002057146 0.466180002287778 0.779077003823321
0.524404963749459 0.808449944114283 -0.267222981527678
0.603168878473245 0.543143890567108 0.584107882313664
0.406904091517623 -0.910636204813033 -0.0719080161729776
-0.109634966101696 -0.3683058861226 0.923217714548051
0.975748886358925 -0.0489609942977336 -0.213346975152439
-0.153454017204805 -0.297207033321963 -0.942401105659191
0.200952911106289 -0.83648662997102 0.509811774479204
-0.757538296923254 -0.252508098972589 0.601976235949448
-0.0473190226769373 -0.893275428088952 -0.44701221422395
-0.947305778273162 -0.13271296893714 -0.291545931760621
-0.82379411658953 0.565565080043018 0.038722005480229
-0.303910123186954 0.235338095391963 -0.923176374200387
-0.47684494458919 -0.867589899183457 -0.141090983604805
-0.50132017095497 0.115330039328646 0.857541292429777
0.880040171367599 0.463839090322003 -0.101895019841713
0.0265809992584167 0.970425972926086 -0.239930993306165
0.715424878810613 -0.583093901226817 -0.384926934795307
-0.6312108663004 -0.178177962259328 -0.754867840108063
0.343515978597409 0.574032964235164 -0.743291953689568
-0.582599862463336 0.699971834754869 -0.41305790248778
-0.0910240160258717 -0.651426114691395 -0.753232132615568
0.921091267915553 -0.246228071619754 0.301600087725676
-0.186955047715608 -0.00877800224036591 0.982329250715015
-0.290341949695358 0.86133385076531 0.416899927767925
-0.750075979594183 -0.629424982876494 -0.203002994477304
0.836792741753248 -0.245908924108829 -0.489189849028698
0.197788987394315 -0.59271196222469 0.780750950240401
0.662024114282254 0.571467098649802 -0.484922083709924
-0.142393029167649 -0.986692202113065 -0.078503016080481
-0.840895132234554 0.0585550092080394 -0.538021084606243
0.213519086223508 0.828161334429006 -0.518226209270668
0.369455987172119 0.778558972967654 0.507294982386211
-0.444087826303962 -0.249203902528897 0.860629663381986
-0.542636759864566 0.836681629739595 -0.0742239671533411
0.337211106574407 0.196819062203986 0.920625290960447
-0.982451331831344 -0.142639048177559 0.120181040592175
0.261489979191543 -0.601697952118985 -0.754706939943065
-0.562725157391153 0.457455127947701 -0.688531192578415
0.911445109614953 -0.380857045803775 -0.155614018714921
-0.865829075286439 -0.302233026280069 -0.398742034671818
0.190100044982048 -0.247225058499142 -0.950127224821981
-0.177852018949778 0.969070103252487 -0.1710900182293
0.869950858880933 0.27337295565481 -0.410429933422114
-0.469017930374059 -0.474575929548971 -0.744848889426818
-0.711504891534289 0.27822095758647 0.645254901633801
0.00954600204356538 0.64884213890122 -0.760863162882179
-0.653001296809727 -0.747350339694348 0.12270605577378
0.447782962068531 -0.754336936100498 -0.4800689593336
0.475982913411814 -0.144657973684619 0.86747584219358
0.737263722958094 -0.585397780024825 0.337270873263579
-0.0642650211044757 0.986526323972832 0.150452049408085
0.720923870831721 0.0790859858301256 -0.688486876643473
-0.361387976696981 -0.91141794122995 0.196763987312265
-0.156113011102055 0.118790008447811 -0.980570069733733
0.966098975297816 -0.23261099405237 0.11200399713617
0.698180164798116 0.595511140564168 0.39738009379741
-0.704451218849429 0.685421212937442 0.184245057238776
-0.512622883988585 -0.586022867377473 0.627530857983821
-0.0999419980212984 0.712991985883828 0.694012986259584
-0.327799074169958 0.699905158365108 -0.634571143582208
-0.871907590328212 -0.478718775070685 -0.102982951612751
-0.623931001999699 0.0429550001376708 -0.780298002500855
-0.0362120057261868 0.383299060610894 0.922914145939964
-0.290094949201623 -0.931012836970822 -0.221494961214131
0.317709158915302 -0.890371445355895 0.326036163080395
-0.908186897252735 0.0663539924930747 0.413271953244687
0.251968960754956 0.211284967091629 -0.944388852908142
0.764441212169923 0.253145070260171 0.592914164562756
0.586751074235457 -0.461488058387242 -0.665396084185585
0.821979460337396 0.472208264453229 -0.318385178306893
0.285607066936736 0.575693134923201 0.766163179563004
-0.875632948823196 0.423250975262886 -0.232648986402714
-0.0289360069010938 -0.796917190060788 0.603395143906742
0.985764590669718 0.140112941819304 0.0929329614103857
-0.266631100607666 0.939091354346469 0.216830081816293
0.249815976923375 -0.42477796076135 0.870146919620617
-0.566814202126547 -0.0725010258539429 0.820649292644411
-0.602651792377755 -0.749029741948438 -0.27525490517071
-0.65519097151197 0.724475968499423 -0.214147990688739
-0.372952017647903 -0.838264039666236 0.397769018822232
0 -0 1
-0.841372993688441 0.396884997022767 0.366842997248127
0.069263968776745 0.793785642172229 0.604240727616499
0.732101174781489 -0.163448039021508 0.661296157877533
0.479605054125831 0.42658904814271 -0.766812086538583
-0.587296960836103 0.734514951018872 0.339955977330036
0.185612015024458 0.975229078940409 -0.120318009739202
0.384021910199367 -0.295979930787321 -0.874598795481655
-0.981909333997008 0.0495370168500439 -0.182757062164917
0.486701742738287 0.290425846486166 0.823877564513264
0.50480212812965 -0.630823160116501 0.589268149568945
-0.775961613503704 -0.60204670012844 0.188210906254618
-0.162529999527607 -0.539502998431934 0.826147997598801
-0.232891083422183 -0.875967313773738 -0.422425151313772
-0.973188996736897 0.214155999281935 0.0839069997186598
-0.287377188218038 0.743937487242761 0.603300395132326
-0.368720092562766 0.920520231085587 -0.129182032429603
-0.851701682661122 -0.0972719637570567 0.514919808144005
-0.33478095996723 0.0224339973173652 -0.942028887353134
0.828616626699179 0.47065278796579 0.303117863442099
0.0341649853727771 0.895617616554834 -0.44351081011754
0.80632384665133 -0.419549920208955 0.416916920709705
0.127651040794535 0.486421155449768 0.864349276227489
0.520580226695819 0.718813313019905 -0.460764200647878
0.660901053453349 -0.10824200875456 -0.742626060063227
0.100101972691335 -0.309997915429945 0.945452742072491
0.639181612458873 0.76510253611197 0.0778779527819496
0.695963040229101 -0.717900041497136 0.0159680009230064
0.433458044924028 0.637275066047828 0.637177066037672
-0.589309992714655 0.612819992424013 0.526464993491576
0.869023105379052 0.125088015168361 0.478698058047648
-0.924147970312209 -0.310835990014549 0.222106992864924
-0.112941964905323 0.93376370984978 0.339601894474841
-0.43627812572294 0.356127102625696 -0.826338238127164
-0.635966217832458 -0.425766145834297 0.643638220460288
-0.322136955392571 0.114716984114739 0.939716869874125
-0.404597036944364 0.784018071589869 -0.47076204298599
0.332622059198583 0.942909167814746 0.0168780030038713
-0.630809789305465 -0.370236876338497 -0.681911772237074
-0.191578985838386 -0.700349948229784 0.687609949171531
-0.912587145356436 0.406766064789501 -0.0415460066174277
-0.232094113394017 0.434505212285829 0.870251425177972
0.22066407303971 -0.975116322763069 -0.0213430070645258
0.950938988968632 0.309325996411664 -0.00569799993390035
0.176738947432631 0.0962869713614185 0.97953670865693
-0.840872176399865 0.243164051011446 -0.483534101436762
0.727808119109811 -0.438415071749044 -0.527340086302113
0.430186229703161 0.839654448343688 0.331542177030971
0.303765825097156 0.398157770747988 -0.865561501625411
0.567798085141329 -0.812764121873989 -0.130460019562481
0.388925959517282 -0.539073943888605 0.747084922237055
0.940701245021663 0.116063030230593 -0.318764083027535
-0.203362057005036 -0.922777258666498 0.327301091746764
0.749564683183811 0.061394974050376 0.659077721429656
0.127302026392959 -0.836968173524863 -0.532239110346751
-0.667251972918912 -0.670167972800563 0.325037986808008
0.38930501530942 0.0679110026706002 -0.918602036124026
-0.928167742362018 0.228572936553419 0.293698918475947
-0.314372918610591 -0.39662589731575 -0.86247177671083
0.494563881683271 -0.824086802850029 0.276201933922976
-0.928275249218731 -0.312873083998613 -0.201036053973162
-0.0442060019225854 0.48869502125408 -0.871334037895625
-0.5444911040038 -0.699644133639738 -0.462631088367635
-0.558731132995346 0.295756070399122 0.774821184431483
0.0171820072438842 -0.998841421108635 0.0449510189512187
-0.665206123986451 0.535402099792536 -0.520428097001561
0.0723449982956242 -0.557641986862513 -0.826922980518522
0.6121579314879 0.254956971465472 -0.748504916228083
0.50268695387395 0.862314920874849 -0.0609819944043534
0.928523584462576 -0.0584549738399437 0.366642835918202
0.438424195504791 -0.853686380681038 -0.28107612533918
0.491841731108724 0.0773889576912362 0.867238525878226
-0.366710073463586 -0.720434144325667 0.58864111792337
0.815845936032786 -0.531429958332704 -0.227985982124532
0.0173769965655673 -0.185715963294636 -0.982449805826183
0.777474946144701 0.628866956438702 0.00768499946766395
-0.139977005777831 0.738169030469404 -0.659934027240098
0.799243041505092 -0.0838570043547363 -0.595129030905349
-0.241987028328576 -0.732277085725121 -0.636563074520216
0.797603977450141 -0.584167983484403 0.150251995752076
-0.749063895442298 -0.430807939865893 -0.503296929747555
0.056695992008984 0.186356973733918 -0.980844861754831
0.0975769634803158 0.958100641416051 0.269298899210732
0.999378505318755 -0.0330409836450806 -0.0122839939195596
-0.596834161973651 0.264622071815265 -0.757472205568895
0.438480058386912 -0.619894082543552 -0.650743086651328
-0.766080972204285 -0.415510984924015 0.490377982207616
0.130096067156388 -0.924704477338123 0.357766184681099
