# command_history: dirorder ElectricRepulsion/Elec190.txt ElectricRepulsion_dirorder/Elec190.txt -cartesian -nthreads 40  (version=3.0.4)
0.457693864976439 0.21503393656317 -0.862714745491855
-0.739175363812594 -0.4445492188014 -0.505960249027118
0.517375978603141 -0.855215964631262 0.0304589987403224
-0.450540848459034 -0.850248714015917 0.272194908446305
-0.199869965580696 0.625413892298421 0.754260870109878
0.529296108828319 -0.354914072973713 0.770637158450337
0.965915656883155 -0.121627956794778 -0.228502918830179
0.193373032623097 0.936404157976545 0.292838049403394
0.0675020069592885 -0.721180074351866 0.689451071080685
-0.100202993347624 -0.167374988888142 -0.980787934886472
0.954190935419405 -0.143739990271534 0.262408982239898
-0.836780770937153 -0.439929879572291 0.325974910766662
-0.69900767539594 0.523377756954679 0.487302773707121
-0.333180110188678 -0.633820209615787 -0.698042230855169
-0.0321559877672697 0.984374625525753 -0.173125934139704
-0.678686903114058 0.633169909611836 -0.372128946876736
-0.615452819027972 0.117528965440965 0.779361770831043
-0.777446932905944 -0.605813947717956 -0.169013985414009
-0.0258390009432528 0.346045012632373 -0.937862034236654
-0.640021275751626 -0.152070065519022 -0.753158324496451
0.30070104845888 -0.846073136347235 -0.440158070932799
0.442404898552587 0.666151847245404 -0.600432862315357
-0.830626263671966 0.556560176673099 -0.0173430055053212
0.945749081532559 0.321534027719289 0.0466320040201219
0.287778980657656 -0.14392799032624 -0.946819936361867
0.387607951899988 -0.774933903834971 0.499236938047446
-0.496520916718305 -0.864403855013121 -0.0792019867154123
0.833751893635777 0.0325509958473721 -0.551178929684455
0.767903105905748 -0.193358026667071 0.610686084223082
-0.0851510176958309 -0.473498098400965 -0.876669182186778
0.180049063351895 -0.973816342646105 -0.138795048836296
-0.304241059417372 0.151410029569927 -0.940485183673953
-0.681647207080704 -0.364669110784487 0.634329192705749
0.120356049406349 0.878415360590897 -0.462494189854598
-0.900423259140951 -0.161393046448764 -0.403968116261637
-0.621743911482015 0.735257895320973 0.269870961578339
-0.514830082531388 -0.738660118413136 -0.435122069753554
-0.470819178701101 0.464564176326993 0.750006284667564
0.241268039663866 0.518330085212177 -0.820441134878483
0.0487619908408167 0.831971843726999 0.552670896189348
-0.928326239758385 0.317096081896257 0.194063050120573
0.70516082791222 0.68485583286746 -0.183631955186371
-0.378538111044739 -0.334478098119666 -0.86303725317331
-0.387560195093976 0.501464252432154 -0.77351838938152
0.893738333128066 -0.321566119859131 0.312773116581666
-0.349530104497283 0.927587277316172 -0.131949039448151
-0.972944602830959 -0.2007609180467 0.114340953324489
0.0874080126272683 0.185905026856493 -0.978672141382413
0.314382856485045 0.949264566663197 0.00775899645803832
-0.702123149582438 0.268784057262568 0.659377140475699
0.56596676968751 -0.0120719950874656 0.82433966454617
-0.214053987139851 0.870348947710307 -0.443478973356228
-0.421277034336186 0.731305059605021 0.536394043718798
0.595366017728512 0.646605019254281 -0.476908014201129
0.602478007538807 0.48059300601366 0.637221007973547
0.206416019722536 -0.316432030234291 -0.92588508846601
-0.993619139061976 0.0678520094962286 -0.0900950126092484
0.685640836644033 -0.509244878670894 0.520159876070364
-0.889815030754233 -0.155125005361508 0.429145014832325
0.00112400026352583 0.97700922906326 0.213194049984097
-0.0784769875424855 0.575776908600605 -0.813831870811525
-0.706868069582683 0.705472069445263 -0.0514460050642421
-0.86147513569699 -0.360779056828839 -0.357350056288713
0.523712915069745 0.386266937359289 -0.759290876866188
-0.153780003373241 -0.626348013739257 -0.764225016763658
-0.833826773651916 0.429290883466 0.347047905791429
0.285876935834071 0.788798822951758 -0.544123877869777
0 0 1
-0.647802012415126 -0.753029014431801 -0.115325002210204
0.835701346523217 -0.0186260077232664 0.548868227587983
0.481855892367861 -0.858699808192245 -0.174497961022395
0.377665976331485 0.0325119979624569 -0.925370942006542
-0.370756004199553 -0.85247900965603 -0.368537004174419
0.125031964633651 0.951277730923046 -0.281846920277214
-0.837773184959814 0.175686038787177 0.516982114136997
0.299220942641296 0.170314967351731 0.938860820026501
0.40382496198816 -0.649664938847367 0.64409693937148
-0.865321388185425 -0.500977224739686 -0.0155150069600725
0.88080792443373 -0.442495962037388 0.168447985548511
0.0488410288635425 -0.740110437382454 -0.670709396368578
-0.694597899030131 -0.0687049900127342 0.716109895903051
0.529782131286916 -0.760297188411551 0.375871093145755
0.538632174292243 -0.589341190700821 -0.602123194836861
0.477520790261216 -0.176491922480441 0.860711621954451
0.718338470654083 0.487312319286162 -0.496504325308747
-0.140102946922989 -0.986608626230299 0.0835139683613237
0.690041918809328 0.311805963312757 0.653160923148764
-0.177961083163992 -0.347222162262336 0.92074243027731
0.989117301731268 0.13385504083262 0.0610720186300832
-0.152074960146557 0.931509755884394 0.330397913414447
-0.385710123109241 0.312685099801439 0.868018277050212
0.0992599829818774 0.642629889821115 -0.759719869746039
0.356215183214696 0.757670389698015 0.54685128126592
-0.794857333249571 0.35385414835586 -0.492939206668256
0.751985064365788 -0.644781055189714 -0.137025011728588
0.605904806863632 0.791532747693436 -0.0797199745887041
0.961905665407906 0.0790709724957205 -0.261696908970578
0.198832056852257 -0.303867086885032 0.931735266412034
0.201197989922295 -0.945906952620941 0.254517987251576
-0.115832005992569 0.471909024414214 0.874005045216652
-0.659338691481323 -0.68881067769075 -0.301350858991487
-0.921179232891181 0.388751098283482 0.0173610043891836
0.44746411772872 0.490544129063158 0.747758196736703
0.411189068912621 0.534106089512716 -0.738684123798668
0.8234127295806 0.542163821946382 -0.167480944997089
0.0537259951188593 -0.839597923720433 0.540544950890142
-0.711456409034905 0.0278940160369997 -0.702176403699587
-0.242944043150146 0.750321133267175 0.614814109199295
0.640966036779914 -0.73799604234769 0.211008012108062
0.544691951552649 0.0500239955506409 -0.837142925540744
-0.970796982206262 -0.0623149988578284 -0.231667995753757
0.203465973885856 0.0080559989660408 0.979048874342512
0.290259096610144 0.937906312173727 -0.189951063223512
0.782118813291837 -0.356915914796686 -0.510784878064938
-0.352258177757799 0.934158471398436 0.057115028821593
0.547381301219086 -0.51198428174042 0.662001364293493
0.818062168149424 0.326642067139977 -0.47337009729934
-0.00875600421462922 0.322334155152843 0.946585455630973
-0.213336954983987 -0.858231818905381 -0.466824901495755
0.774203062539352 0.533217043072741 0.341012027546612
-0.449619012567076 -0.773873021630138 0.446053012467405
0.589675856929323 -0.675219836174132 -0.44312589248615
0.209714016889424 -0.466562037574809 0.859267069201506
0.979257461950128 -0.195759092346437 -0.0522800246623232
0.481440959336054 0.168613985758358 0.860106927352792
0.552240939459486 -0.297432967393318 -0.778821914620095
-0.0165640064551105 0.99954938953147 0.025033009755541
-0.282476927983364 -0.194186950492626 0.93941376049931
-0.873623784214515 0.189999953069922 -0.447974889349992
0.350939159326941 0.916776416217962 0.190690086573605
-0.914302479088224 -0.381789200054921 0.135233070861201
-0.362122924972845 0.871260819486103 -0.331317931355239
0.2730531549046 0.488614277193645 0.828672470110583
-0.916914015211145 0.0468950007779646 0.396320006574751
0.81411097969363 0.272725993197396 0.512682987212148
-0.112473962241541 -0.773989740165109 0.623128790810403
-0.467254844066571 0.807391730555258 0.36026587977119
-0.800293184673276 0.483909111665428 -0.354066081703236
-0.590578946851736 -0.746788932793853 0.305814972478642
-0.190899000519436 -0.022534000061315 0.981351002670256
0.128018981423039 -0.852305876321051 -0.507134926409149
-0.63201930676929 0.193956094142335 -0.750288364174679
-0.616836872717575 -0.227466953062882 0.753505844516346
0.853634668126966 -0.492057808699525 -0.170841933580684
-0.4945867488227 -0.629863680121922 -0.598878695857735
-0.243976986271781 0.627337964700635 -0.739541958387085
0.298994888410644 -0.47729382186682 -0.826312691607766
0.941904103241644 0.248573027245967 0.225894024760133
-0.574752093900418 -0.525399085837345 0.627388102499853
0.187849059099765 -0.980682308535452 0.054543017159945
-0.398782046773747 -0.00644200075559198 -0.917023107559022
0.753333753506976 0.657590784834358 -0.00791299741084393
-0.630920995608474 0.434307996976999 0.642895995525122
-0.551246926696842 0.648291913792092 -0.525208930159297
0.181031946648445 0.748073779536705 0.638445811844939
-0.996264547374703 -0.00414799811547155 0.0862539608128938
-0.289786054031194 -0.880262164126656 0.375716070053019
-0.623909875016826 0.776496844450226 0.0882559823203427
-0.0611820182783142 -0.485453145030605 0.872119260548284
-0.100756041330086 0.158272064923135 0.982241402915015
0.770485092666633 0.202625024369814 -0.604397072691143
-0.776812164322202 -0.133412028221183 -0.615438130186103
-0.163042064859695 -0.980216389939469 -0.112219044641811
0.641580183944594 0.602510172743005 0.474717136104033
0.775872881673963 -0.59760690886077 0.202205969162177
0.898035279476705 -0.249359077602801 -0.362426112790286
-0.37040508737394 0.335690079185103 -0.866090204299877
0.373658987088961 -0.619108978607928 -0.69071197613383
0.04523001168911 -0.929501240217543 0.366035094597024
-0.725789045709107 -0.594641037449602 0.345879021782943
-0.193526925023716 -0.3276858730478 -0.924753641731551
-0.357296182471028 -0.37222919009731 0.856612437471655
0.323354970060888 -0.910886915661895 -0.256371976262776
0.919855695773417 -0.0147669951160682 0.391978870359674
0.520927934866822 0.813860898240537 0.257418967814136
-0.460745006304144 0.136539001868195 0.876967011999101
-0.232445032050685 0.762566105146435 -0.603707083242157
0.917173597423247 0.272797880260307 -0.290471872502628
0.740068260391583 -0.592004208295533 -0.319108112277571
-0.545870106803864 -0.329590064486939 -0.770322150719706
-0.674093099761405 0.359590053216994 -0.645208095486611
-0.0303170145022535 -0.920548440347674 -0.389450186294904
-0.274069986829156 -0.667917967902201 0.691932966748124
0.878502077457092 0.438236038639054 0.190219016771516
-0.955504063622718 0.267427017806762 -0.124478008288431
-0.0998039741030179 0.155249959715979 -0.98282074497918
-0.0200670070469421 0.611203214636576 0.791219277852918
-0.454889174498478 -0.884975339482358 0.0994710381577441
-0.497723977279648 0.842560961538357 -0.205819990604626
0.750046204879274 -0.0931130254343385 -0.654798178861748
