# command_history: dirorder ../ElectricRepulsion/Elec030.txt ../ElectricRepulsion_dirorder/Elec030.txt -cartesian -nthreads 12  (version=3.0.4)
-0.172201067405538 -0.908573355647481 0.38058014897242
-0.975731711789873 0.165496951115766 -0.143381957648059
-0.28380991263126 0.381632882517197 0.87966372920216
0.587972938983405 0.521685945862305 0.618167935849935
0.507209062149852 -0.848578103978827 -0.150513018442813
-0.752332790076987 -0.30144691588743 0.585768836553237
0.383976085961312 -0.293959065809064 0.87530019595479
0.296061152110042 0.842985433108324 0.449136230756823
-0.0747509932944998 -0.350411968566471 0.933607916251173
-0.937540247122047 -0.340990089880055 0.0688770181549857
0.53722780998014 -0.616248782030071 0.575867796313005
-0.546404659022289 0.619201613594165 0.563942648077904
0.398833071462318 0.91702316431085 0.000835000149614088
0.542826307488392 0.133898075847658 0.82910246965186
0.845751213642704 -0.478624120903819 -0.235847059576626
-0.398930784293994 -0.600005675570719 0.693431625054341
-0.311533925243394 0.908622781964177 -0.278120933261275
0.163684040499201 0.533013131879724 0.830123205391599
-0.711386906290076 0.197777973947006 0.674397911162581
0.886510977331028 0.219024994399312 0.407585989577619
-0.666932656002561 -0.677983650302564 0.309093840572375
0.767148180580182 -0.610673143747284 0.196372046224316
0.0777439665880604 0.0949609591887323 0.992440573479899
0.0558939959417327 -0.991970927976465 -0.113443991763229
-0.43204309871365 -0.0897580205080046 0.897375205033208
0.788208088870467 -0.213656024089718 0.577130065071418
-0.730808420448456 -0.654136376337521 -0.194999112186824
0.146722003447307 -0.8119810190779 -0.564942013273595
0.0972780486640856 -0.711949356158094 0.695460347909342
-0.949979792218543 0.0308099932611774 0.310787932023849
