# command_history: dirorder ElectricRepulsion/Elec200.txt ElectricRepulsion_dirorder/Elec200.txt -cartesian -nthreads 40  (version=3.0.4)
-0.615253219598064 0.631052225237093 0.472479168638712
-0.639615040147038 -0.750308047094962 0.167124010489957
0.534113986839164 -0.172373995752619 0.827652979606217
-0.337407897768122 -0.218187933890812 0.91572372254308
0.335511012017501 -0.909141032564069 0.246769008838896
-0.392711854435684 -0.593615779967745 -0.702422739636875
0.998007823150534 -0.056669989957937 0.0277289950863532
0.00600500241553072 -0.940690378395603 -0.339213136449529
0.799344170630823 0.227169048492305 -0.55627611874466
-0.121555068482625 0.672476378864893 -0.730068411311533
0.198379034745099 -0.414487072595345 -0.888170155558576
-0.87034341670051 -0.238901114380386 -0.430614206168227
0.827281871180227 -0.49087892356304 0.273207957457563
0.268694043793237 0.854652139295918 -0.444267072409097
0.202435971407439 0.119232983159237 0.972009862710907
-0.818134873134699 0.275097957341526 0.504951921698879
-0.487507115972594 -0.817433194458388 -0.306822072989605
0.619561202276543 -0.776906253647114 -0.11207403659033
-0.916088839525984 -0.400004929929942 0.027879995116178
0.49086302970654 -0.606913036729771 0.625068037828494
-0.44478327072298 -0.604219367765783 0.661125402402363
-0.118737924480982 0.689316561584811 0.714663545463767
0.618536159681006 0.301792077910502 0.72548918729195
-0.530943075082259 0.0887700125532347 0.842745119175124
0.045161006912841 0.98615615095192 -0.159551024422637
0.838983292612673 -0.263237091809348 0.476249166101689
-0.0256840018056624 0.227937016024657 -0.973337068428518
0.930925471213647 -0.30624415501394 -0.198978100718263
-0.750324687628643 -0.635881735272951 -0.180740924754858
0.340101997785086 -0.878538994278515 -0.335409997815642
-0.686066317508821 -0.57049626402345 0.451494208949762
-0.168479970588454 -0.437681923593873 -0.883203845819118
-0.603309106082564 0.746635131284227 -0.280275049282027
0.292306870704807 0.953257578348528 0.0765289661491795
0.153765939957718 0.541034788737588 -0.826823677143194
0.95050078637022 0.157596964579298 -0.267789939812879
-0.542141018608178 0.392956013487626 0.742744025493575
0.760606307987811 -0.0202900082159129 0.648896262753723
-0.303816986151566 0.376324982846543 -0.875256960104476
-0.19702394826536 -0.816868785506214 -0.542131857646765
-0.102255978275873 0.870968814964001 -0.480579897901532
0.82880096324848 -0.554732975401476 -0.0732139967534718
-0.176138068188255 0.108664042067064 0.978349378747979
0.671027767675129 0.57547480075771 0.467493838143143
-0.210001054513971 0.97568925327823 0.0626900162736407
-0.544601026091563 -0.254114012174476 0.799272038292725
0.97712206455748 -0.00228300015083554 0.212667014050697
0.34037096886729 0.902257917473179 -0.264722975786585
0.872898076497299 -0.0877320076884826 -0.479950042060904
0.382408079522342 0.138647028831861 0.913532189970409
0.298757056223245 -0.696089130997374 -0.652843122858885
-0.647205002368123 0.541641001981864 -0.536424001962775
0.853790844731745 0.490252910843839 -0.175194968139484
-0.174730020186473 -0.780765090201406 0.599896069305697
0.921662794571063 -0.362198919269673 0.139102968995412
0.883420840258975 0.358223935225596 0.302064945380319
0.685560909760652 -0.0385499949257223 -0.726993904306889
-0.488178945655679 0.872349902889578 0.0262099970822902
-0.0659160362294409 -0.613972337457709 -0.786570432322826
0.553266266552686 0.832750401202585 -0.0205720099111853
-0.203903048058833 0.219741051791763 -0.954011224855225
0.744211899021987 -0.56584492322362 -0.354919951842867
-0.396714218210137 0.74055440733725 -0.542399298343291
-0.150556956213602 -0.965250719276657 -0.213596937879718
0.560918736111075 0.128319939630808 0.81786561522826
0.662887983154691 0.337733991417504 -0.668217983019245
-0.285320002432068 0.2595260022122 0.922626007864464
0.634109027111332 -0.269497011522345 0.724760030987116
-0.520945899884366 -0.719552861715985 -0.459193911751893
0.970539022538828 0.228688005310822 -0.0758670017618594
-0.232731916278781 -0.385914861173907 0.89269567886841
0.478801129580601 -0.772978209195373 -0.416238112648825
-0.168323082538843 0.974714477960621 -0.146966072066227
-0.929295412730851 0.136775060746332 -0.343078152372363
-0.598225642141229 -0.72174056825456 0.348161791729504
0.361413951342482 0.435170941412505 0.824624888979934
0.692249708905944 -0.345234854827221 -0.633721733517215
0.219324119408856 -0.534888291214661 0.815960444241625
0.0177219985289944 0.863525928323465 0.503992958166318
-0.978000982625813 0.12859499771551 0.164247997082134
0.0702269867640753 0.0591329888549997 -0.995776812322477
0.757208998920977 0.282387999597597 0.588974999160711
0.734053635368857 -0.651060676594479 0.193093904083234
-0.818408162459765 -0.451881089701568 0.354981070466234
-0.43881991954808 0.554242898386779 0.707284870328526
-0.00904300057886961 0.946795060607194 -0.321710020593624
-0.603323248851284 -0.778960321295883 -0.170944070508888
0.259685980943724 0.659437951609126 -0.705481948230326
-0.0978129983782116 -0.273043995472794 -0.957015984132197
0.716181020918932 -0.373145010899193 0.58978601722706
0.189989099502542 -0.94969049737916 -0.248982130398823
-0.891274076904033 -0.0996870086015438 0.442372038170294
-0.869186058085533 -0.46580703112872 -0.165950011090025
-0.454282114347365 0.813420204746025 -0.36328409144225
0.43552820348993 0.078458036657604 -0.896749418984294
0.376741922102211 0.725320850027599 0.576172880866474
-0.849276133699429 0.47655507502288 0.227212035769426
-0.229494094856699 -0.965933399248851 0.119604049435892
0.920989280146101 0.0543080165193878 0.385784117347638
-0.296429055328192 0.039681007406421 -0.954230178106125
-0.518639911923281 -0.442577924840317 0.731530875769608
0.210632008855602 -0.773739032530311 0.597463025119138
0.142440014394419 -0.802552081102707 -0.579328058544579
-0.66110141462674 -0.44581827960639 -0.603482378489481
-0.733076473159597 0.680104438969131 -0.00753900486600326
-0.459508096044095 0.256295053569516 0.850391177744531
-0.440891921143401 -0.803198856342275 0.400606928348653
-0.473935940647584 0.347616956466888 -0.809040898681387
-0.764092920771591 -0.634792934178642 0.114890988087012
0.053786012953798 0.393618094798797 -0.917699221018248
0.972441911977966 -0.232862978922059 -0.0114699989617759
-0.323659104736589 -0.909160294205683 -0.262054084801109
-0.00225300050149656 0.428069095284125 0.903743201164673
-0.494602818490444 0.837555692633449 0.232095914825341
-0.80166772934219 -0.0358019879125886 0.596696798544156
-0.989898071831956 -0.122185008866355 -0.0719210052189479
-0.637787307844063 0.0446650215586945 -0.768916371136799
-0.0152199926850298 0.786175622151508 -0.61781570306796
-0.732278766582885 0.461611852859168 0.500681840405436
-0.217968025191438 -0.702852081231431 -0.677118078257249
-0.483775910570161 0.858507841297972 -0.170073968560469
0.612000243616232 0.514938204979175 -0.600245238936969
-0.784199116109706 0.440450065213702 -0.437076064714143
0.782409321544086 0.53192521860349 0.323869133099391
0.270097930434126 -0.56623385416196 -0.778733799430906
0.0534439874593698 -0.998469765709097 0.014207996666094
-0.254011103387493 -0.057268023309207 0.965504392979195
0.399739010732593 -0.50897501366547 0.762334020467906
0.916116524354714 -0.203040894581703 -0.34569482051616
-0.468164896952938 -0.287903936629903 -0.835423816116137
-0.39860685864068 -0.914316675752735 0.0716769745809482
0.872869840160963 0.282212948321452 -0.398062927107122
-0.861248646251665 0.0787259676641814 -0.502048793789023
-0.318347124549835 0.801867313721827 0.505632197823074
0.0332050000459059 -0.544679000753019 0.837987001158517
-0.0128109954062149 -0.109350960788775 -0.993920643598509
-0.733339816193898 0.652040836570875 0.192497951751838
0.360722041907607 0.742471086258068 -0.564461065577397
0.947133595062116 0.298541872361286 0.1175189497559
0.17421501295942 0.90592206738928 0.385946028709561
0.624118055304351 -0.22068601955543 -0.749516066416121
0.558915232901423 -0.689759287424479 0.460267191794529
0.539231180674021 0.596729199939224 0.594259199111629
0.178602947837052 -0.93070772817661 0.319192906776214
-0.701382035173959 -0.162184008133447 0.694089034808219
0.693357706795382 0.720057695504586 0.0277849882503839
0.894906835484817 -0.318409941465114 0.312660942521981
0.374529055656145 -0.201803029988538 0.904988134483962
-0.46534190722014 0.675335865351549 0.572169885920779
-0.33776412426716 -0.516861190158952 0.786619289405943
0.829719534123813 0.111617937328053 0.546906692919361
-0.0291560147516498 0.985797498769793 0.165388083679032
-0.991200218031858 -0.051036011226265 0.122137026866179
-0.0924899954189244 0.270934986580455 0.958143952542652
-0.170701974179536 -0.937473858197246 0.303320954119524
-0.842854805259684 0.528355877924181 -0.102155976397018
0.236249004928509 0.566724011822713 0.789310016466191
0.737265015726232 0.610683013026174 -0.288975006163981
0.357877107242544 -0.922036276300198 -0.147557044217393
0.155747979887953 0.22672197072294 -0.961425875849162
0.646884175449244 0.689024186878543 0.326782088630504
-0.311051099499353 0.652254208643762 -0.691239221114329
0.846564043464292 -0.381874019606176 -0.370812019038231
-0.699892086344292 -0.141460017451641 -0.700100086369953
0.37470897116371 -0.417175967895599 -0.827983936281257
-0.753742845426579 -0.402375917482968 0.519581893447014
0.041671000757683 0.754787013723915 0.654645011903083
0.617235017318689 -0.781733021934256 0.0889630024961685
0.453192182654161 0.882473355671251 0.125927050753523
0.11519302720059 -0.054019012755538 0.99187323421155
-0.967544745027805 0.186247950919015 -0.170788954992847
-0.0710060018816236 -0.67529801789506 0.734119019453787
0.583986701040057 0.085776956088257 -0.807218586761098
-0.785159749957673 -0.412810868536065 -0.461639852985965
-0.571365123189191 0.449966097014951 -0.686347147979893
0.594751103448042 -0.518505090186191 -0.614348106856647
-0.91741340283402 -0.330356145058589 0.221850097413844
0.338197852128264 -0.939115589386355 0.060696973461195
0.282280091674427 0.290426094319955 0.914314296936417
0.49762822653311 0.839579382198031 -0.21788209918551
-0.950299026548505 0.0218070006092222 0.310574008676506
-0.0849049827458234 -0.877682821639509 0.47166090415026
-0.16630494036888 0.891027680508717 0.42238884854617
-0.754608073610512 0.191382018668934 -0.627646061225621
0.363657935852018 -0.094744983287318 -0.926701836533054
-0.517069962702711 -0.454157967240679 -0.725519947666797
-0.70434596478059 0.605488969723736 -0.37051298147324
0.532644985167702 0.672601981270389 -0.513707985695031
0.350247070949731 0.831697168477328 0.430821087271652
0.126635957921348 -0.390711870174086 0.91176069703975
0.618756073136972 -0.721608085294081 -0.310520036703471
-0.949120089125702 -0.181948017085556 -0.257033024136302
-0.764057183853192 0.159386038352669 0.625150150428336
-0.122346039798194 -0.992040322702833 -0.0297900096904534
-0.468039997379678 0.0164589999078543 -0.883553995053423
0.291508066652161 -0.849112194146129 0.440490100716311
0.829313733153007 0.558153820403711 0.0265149914683123
-0.915509770738072 0.400061899816512 0.0423359893982229
0.0937919899889249 -0.55478094078435 -0.826692911761283
0.408190143478861 0.355592124990654 -0.840794295539247
