# command_history: dirorder ../ElectricRepulsion/Elec050.txt ../ElectricRepulsion_dirorder/Elec050.txt -cartesian -nthreads 12  (version=3.0.4)
-0.246494947847837 0.274621941896869 -0.929420803357814
0.571224898814087 0.817385855209508 0.0747159867649234
-0.874101882320983 0.387696947804945 0.292637960602593
0.0770859597259498 -0.611570680481006 -0.78742558860449
0.274443967650194 -0.824625902798052 0.494643941694343
0.88829489364357 0.223093973288737 0.401448951934118
-0.681321950683875 -0.212858984592629 0.700350949306499
0.0973610225007678 -0.974745225269983 -0.200979046447569
-0.791417284127166 0.531793190919373 -0.301421108213362
-0.360725100346162 -0.732516203770653 0.577319160598089
-0.480310133529838 -0.345587096075818 -0.806146224114728
0.249265104115314 -0.278339116259211 -0.927574387437699
0.954292280857802 0.298630087889834 0.0120960035599753
0.615522911024631 -0.680489901633491 -0.397573942529697
-0.59138195855211 0.275692980677645 -0.757799946888456
0.192709934563715 0.97694366827053 -0.0918909687976458
-0.348911905585498 -0.109462970379653 0.93074074814438
-0.500434845134206 -0.744751769527291 -0.441485863376702
-0.886714806464761 -0.285803937620154 0.363390920685943
0.535711119424486 -0.811680180945448 0.232785051894079
0.0391749956577262 0.686593923895874 -0.725984919529658
0.701930325572909 -0.38387117804909 -0.599947278270611
-0.978597925829619 0.0352849973256619 -0.202733984634285
-0.0674659834498879 -0.844666792794392 -0.531023869734285
-0 0 -1
0.785259136954702 0.598608104401453 -0.158229027596252
0.721148927012881 0.0685229930648225 0.689382930227902
0.444951249438628 -0.885998496688681 -0.130480073146823
-0.420389069819694 -0.449396074637279 0.788236130913026
-0.937808073953203 0.343315027072966 -0.0514860040600577
0.292398075441637 0.632726163249699 0.717050185006142
0.0782780354300559 0.905458409826867 -0.417154188811537
0.85124532897659 -0.0552230213417691 -0.521854201678423
-0.58316966431889 0.586266662536212 -0.562320676319877
-0.417932203851288 0.543917265301966 0.727658354923817
-0.797346909527443 -0.56240293618583 -0.218953975155951
0.396821974799424 0.0327279979215758 0.91731194174519
0.488682100381667 0.830487170592879 -0.267359054919031
0.292775973272483 -0.817779925344874 -0.495497954765994
0.0907349917998255 0.383554965336222 -0.919049916940868
-0.843833083332318 0.220921021816946 -0.489019048292834
-0.194324927232616 0.968879637190977 -0.153329942583697
0.983485895015837 -0.0301429967823257 -0.178456980950254
0.126828956450178 0.336421884481324 0.933131679586431
0.670427282801707 0.545344230038788 -0.503117212226457
0.743502183384836 -0.666714164445069 -0.0519300128085392
0.685999800619332 0.466525864407776 0.558352837718959
0.572177077271089 -0.134776018201166 -0.808980109250749
-0.294106921129505 0.572992846340815 -0.764970794858192
0.266683993570649 0.931719977537629 0.246530994056508
