# command_history: dirorder ../ElectricRepulsion/Elec040.txt ../ElectricRepulsion_dirorder/Elec040.txt -cartesian -nthreads 12  (version=3.0.4)
0.0315360145008778 -0.994644457357022 0.0984270452586851
-0.0255789983172729 0.0976409935766386 0.994892934550473
0.973461345164631 0.228837081139808 0.00256900091090237
0.822154840504032 -0.50156290269806 0.269250947765994
0.232582993718631 0.72766098034806 0.64530198257233
0.635299977878538 0.38871498646475 -0.667303976764142
0.147131057157411 -0.682186265015431 0.716222278237727
0.789913006972562 -0.345411003048943 -0.5066840044725
0.63732410743692 0.120443020303684 0.761125128306679
0.686200953626198 0.725437950974542 -0.0535539963807943
-0.58124413995169 0.729844175731537 0.359837086641404
0.442010110380989 -0.392731098074786 0.806467201395047
-0.382486847169952 0.224760910192413 0.896206641903232
0.499484207480788 0.804442334157371 0.321540133564584
0.577817944979022 -0.810685922804869 0.0944179910093305
-0.268757885097832 -0.58957574793844 0.76168867435493
0.873413267735707 0.184236056475637 0.450784138183166
0.179983934244232 -0.807594704951385 -0.561601794823034
-0.896134202211809 -0.0975050220019132 0.432939097692285
-0.138536949173435 -0.87191168011223 0.469656827691865
0.304040036921864 0.37569504562347 0.875450106312479
-0.96244717855418 0.132955024665951 -0.236682043909494
-0.350076896050633 -0.199963940624116 0.915128728268122
0.118806957797044 0.947225663523718 0.297738894236316
0.558523331401593 -0.643113381593368 0.523886310849606
-0.832798758234392 -0.464544865140323 0.301071912597331
-0.480516136247246 0.539719153033879 0.691236195995558
0.60244714538919 0.514123124073863 0.610520147337455
-0.832277767532784 0.540203849113253 0.124472965232901
0.0306010062081645 -0.342747069534647 0.938929190484809
0.354501843108686 0.931426587780024 -0.0822979635775218
0.761366079927835 -0.236438024821147 0.60367106337309
0.299134926162292 -0.937616768561049 -0.177180956265101
-0.675830729388306 0.02654498937103 0.736578705064002
0.81870579875518 0.518340872587423 0.247069939268116
-0.0766370106367963 0.518479071962049 0.851649118204222
0.519214916650955 0.729127882953839 -0.445856928427039
0.285042025168499 -0.883821078039195 0.370960032754845
0.972570106068502 -0.171596018714263 -0.157042017127003
0.33525008600423 -0.0444450114018136 0.941080241422403
