# command_history: dirorder ElectricRepulsion/Elec240.txt ElectricRepulsion_dirorder/Elec240.txt -cartesian -nthreads 40  (version=3.0.4)
0.0308789922633621 -0.426496893142496 -0.903961773515118
0.745965576865693 -0.590707664932691 0.307570825536496
0.66250618835948 0.674291191710116 -0.326216092747652
-0.110475987629121 0.965201891918629 0.237023973458531
0.856012752563558 0.238972930923212 0.458403867495172
0.13506204591408 0.412974140389757 -0.900672306181801
0.826114064064735 -0.306712023785365 -0.472719036659126
-0.0193409982766591 0.912920918656011 -0.407677963674672
0.503469107860464 -0.110103023587869 0.856969183592384
0.490469706806861 0.801729520741869 0.341568795816895
0.5875161032072 0.0971210170609592 -0.803363141124405
-0.997316093894323 0.0646630060878283 -0.0343410032331026
-0.548341847611983 0.719406800071842 0.426350881514122
0.406742844295005 -0.557260786675318 0.723892722887042
-0.419984883379664 -0.493596862939276 -0.761560788531733
0.921338681888527 0.246389914928722 -0.300710896173266
0.305106975130579 0.949653922593237 -0.0711839941977573
-0.444452042725844 0.360077034614747 0.820248078851682
0.521104716480029 -0.851560536687327 0.0573979687712086
-0.374147832627249 -0.667927701206617 0.643339712205904
0.836682641997798 -0.220468905665123 0.501353785479284
0 0 1
0.831273480886029 0.536919310604153 0.143882083234802
-0.0365359900725517 -0.795186783934262 -0.60526283553982
-0.857568891086185 0.513333934805054 0.0326169958575439
0.0911509664435527 -0.723510733645722 0.684268748092323
-0.723972340157036 -0.350224164552162 0.594312279236501
-0.552497735369671 -0.192222907930824 -0.811046611532287
0.116250047369056 -0.985482401560016 0.123735050419012
-0.382703153028288 0.630908252275971 0.674902269867488
0.95753709394349 0.288264028281441 0.00515400050565644
0.342160130415043 -0.0364000138739407 -0.938936357877539
-0.60712797186053 -0.585571972859618 -0.537122975105156
0.481849926212158 -0.797236877915539 0.363639944314183
-0.278323132604166 0.355754169495379 -0.892174425067238
0.554922969708421 0.827866954809228 -0.0818339955329278
0.934263937652365 -0.283732981065222 -0.215977985586818
-0.196851041702799 -0.907936192345849 -0.370002078384764
0.835245452498523 0.0398240215748687 -0.548433297116561
-0.226732971369749 -0.24890096857053 -0.941615881099345
0.656469108846854 -0.475705078875001 0.585451097071605
-0.413629021955222 0.879890046704125 0.233890012414765
-0.447024165480107 -0.405575150136445 0.797294295143653
-0.952663797698053 0.0139859970300179 -0.303703935507261
-0.259209873825866 -0.864829579031765 0.429976790702613
-0.181095994927682 -0.623998982522413 -0.760150978708932
0.6599549515339 -0.219603983872613 -0.718493947234884
0.715716905160001 -0.0103439986293117 0.698313907466081
0.672628142687986 -0.726311154076033 -0.141575030033022
0.856213809910281 0.488651891513428 -0.167681962772596
-0.266828906184974 0.839037705000688 0.474149833292504
-0.92456383426224 0.312794943928227 -0.217579960996511
-0.046530989969176 -0.647118860498661 0.760967835955898
-0.736055793026293 -0.615896826814148 -0.280878921018825
0.105382955943927 0.145087939344984 -0.983790588719544
0.315862083691934 -0.882502233830912 0.348455092327893
-0.621898134451593 0.505066109193032 0.598457129383752
0.324227048333664 0.939220140012844 0.112882016827719
0.243224005825458 -0.18583900445103 0.952001022801377
0.633002044294636 0.496846034767051 -0.593677041542849
0.347364795069247 0.74031356324585 0.575563660441426
-0.964406218352683 0.102015023097377 0.24395405523401
-0.754338061743704 -0.284447023282417 -0.591662048428428
-0.192821987611766 0.467008969996076 0.862972944556579
-0.388223036698919 0.689099065140882 -0.611903057843505
0.778165843486742 -0.537440891903987 -0.324984934635462
0.401691919581286 0.84505583081984 -0.352879929353445
0.654143778150773 -0.321027891125175 0.684862767732598
0.0430539822351126 0.989330591783485 0.139180942571311
-0.373847934874013 -0.264202953974661 0.889063845121091
0.961111163301451 0.224769038190286 0.160450027261906
-0.6981899613887 -0.715529960429763 0.0234019987058227
0.235829962183607 -0.172859972281128 -0.956296846653509
-0.708620845314464 0.684345850613476 -0.171834962489978
-0.116444017830724 0.719863110230487 0.684279104781615
-0.291965152496797 -0.0947260494765179 -0.951726497097824
-0.241676931342735 0.970305724348797 -0.00995299717248329
0.837136903647641 0.303304965090359 -0.455200947607512
-0.125693964575361 0.447997873739657 -0.885154750534659
0.754322106909325 -0.0676170095832918 -0.653013092550899
0.5629437920866 0.473522825112664 0.677399749814303
0.158869993844264 0.975224962212959 -0.153936994035403
-0.853668154280898 0.346801062676321 -0.388561070223483
0.215044890206064 0.673989655885907 -0.706748639160387
-0.96697478375642 0.247076944746436 -0.0625519860115635
-0.153968933089196 -0.394784828437013 -0.905780606371837
-0.6161331779054 -0.750311216648643 -0.239610069186219
0.959196112779887 0.0800500094120805 -0.271173031883849
-0.189542899359855 0.868773538713952 -0.45749975708485
-0.11503602909946 0.910008230195256 0.39831110075659
0.815332366048032 -0.0462720207740829 0.577141259110801
-0.49480994885422 0.0510249947258272 0.867501910331103
-0.534742017039822 -0.731437023307607 0.423144013483696
-0.896342711448056 -0.317686897729774 -0.309264900440995
-0.676147917541738 0.67155891810138 0.303038963043492
-0.533321782509821 0.282290884880954 -0.797420674809523
0.489177032024709 -0.507183033203499 -0.709557046452218
0.649093003474595 -0.599351003208326 0.468462002507677
0.772872673449771 0.544134770094946 -0.326473862059925
-0.197096945839836 -0.834166770779762 -0.51509085845846
0.065551020779218 -0.153947048800145 -0.985902312524181
0.377432130440189 -0.922127318686334 0.0850070293783494
-0.663824805364936 -0.236013930800136 0.709671791922487
0.106965004388507 0.858176035208818 -0.502088020599417
0.456264926564394 0.0594349904339688 0.887856857099894
0.870619236236903 -0.45430612327303 -0.188754051217192
-0.725285754567694 -0.53871581770183 -0.428655854945455
-0.0313130134264281 -0.306438131394877 0.951375407931786
-0.40595496044578 0.742261927677713 0.533148948052635
-0.992836127120264 -0.118810015212138 -0.0126730016226195
-0.476030112221018 -0.860293202808554 -0.182458043013303
-0.256729892789876 0.653146727246637 -0.712382702509758
-0.856744205527391 0.121959029257182 0.501114120214035
0.0833840087108777 -0.581451060742451 -0.809297084544843
-0.816345253169111 0.56103317399044 -0.137194042547309
0.342390957165867 0.5503649311477 -0.761489904735334
0.492739027695383 0.347939019556609 0.797588044830033
0.0305420038176591 0.998459124804403 -0.0463310057912371
-0.809641834756571 -0.586754880246568 0.0140999971222684
-0.545802946327651 0.830589918322699 0.110541989129688
-0.886853285737967 -0.0807340260119422 -0.454943146579521
0.704600932749015 -0.367756964899254 -0.606870942076902
-0.280783070230172 -0.119321029844878 0.952325238197999
-0.423419864856892 -0.889509716094784 0.171720945191749
0.415773863158658 -0.405917866402507 0.813856732139854
-0.333631858615856 -0.627818733947428 -0.703230701989879
0.581811949660469 -0.787637931851994 0.202783982454725
0.521624090925086 0.641220111772049 -0.562801098102712
0.295423955140467 -0.338183948647448 -0.893507864322628
0.684172794851502 0.159844952070658 0.711587786631146
-0.926394690140945 -0.342543885426454 0.156385947692272
0.257948911216451 -0.952915672015535 -0.159417945129867
0.180413996251899 -0.0286649994044846 0.983172979574582
-0.514441075205889 0.702524102701655 -0.491742071887533
-0.19067890162325 -0.958795505329721 -0.210600891344921
0.973649615039465 -0.133702947136673 0.184742926956541
0.533351018256339 -0.212968007289789 -0.818646028021845
0.49023110645198 0.720175156383532 0.49093910660572
0.0775249658551441 0.763054663922567 -0.641667717385858
0.908929856204581 -0.206440967340422 -0.362254942690186
0.143173006870515 -0.941160045163919 0.306136014690702
0.790559778438933 0.197408944674473 -0.579693837535897
0.116591030398434 -0.828324215966516 -0.54798314287402
-0.744757966775603 0.187702991626382 -0.64039297143143
-0.335680903512734 -0.363374895552443 -0.869066750197662
0.651028040364716 0.738058045760707 -0.177293010992433
-0.0158710028947601 -0.508157092684305 0.861118157061938
0.659752959722413 -0.597502963522744 -0.455758972176143
0.829953716342617 0.471344838906145 0.298346898032506
0.903673069781185 -0.417414032232504 0.0956060073826484
0.524650857403589 0.252300931426382 -0.813071779012812
0.235884008581932 -0.614822022368455 -0.752564027379785
-0.134646981526839 -0.932407872076446 0.335388953985645
-0.762596899507656 0.480137936729107 -0.433489942876216
0.992971069165402 0.00544500037927151 -0.118232008235451
0.0440139962081944 0.280001975877831 0.958989917383022
-0.759367620156438 -0.453598773105188 0.46648576665898
0.690982897033191 0.438778934615362 0.574469914395372
0.227505033042492 -0.772327112171639 0.593087086139085
0.415521958446767 -0.823288917669054 -0.386699961329039
-0.396770882956376 0.236251930307935 -0.886993738345312
0.762473689603886 -0.647014736606177 -0.00240899901931838
0.344370970024919 0.896145921996774 0.279876975638669
0.295700022784131 0.414859031965512 -0.860496066302515
-0.89601771400284 -0.443990858283913 0.00493699842417454
0.0317489819502327 0.680674613026382 0.731897583905363
-0.0638539960682542 0.153045990576346 -0.986153939278559
-0.894456136225233 0.0812930123808861 -0.439704066966715
-0.632409044480492 0.0606070042627938 0.772260054316913
0.594375682988328 0.800047573292741 0.0814949565344728
-0.43587410702149 0.870703213786398 -0.227793055930719
0.394301983132156 0.766572967206776 -0.506844978317679
-0.859677148150755 0.385082066362353 0.335659057845137
-0.0405459940524302 -0.950282860605868 -0.308736954712306
-0.596248061444558 -0.0255340026313302 -0.802394082688319
-0.890958136356698 -0.144325022088225 0.430539065891856
0.532025185161289 -0.586632204166228 0.610583212501923
0.937634094147375 0.155764015640188 0.310773031204566
0.262218096744205 0.49960418432675 0.82561330460637
-0.492358846181951 -0.533287833395307 0.687885785097292
-0.581342932252043 0.36983895690008 0.724747915540057
0.271511022891367 -0.511964043164202 0.81496906871086
-0.400898062199139 0.912951141643924 0.0761640118168093
-0.28280001489734 -0.924388048694915 0.255990013485042
-0.173007054717469 0.0136270043098542 0.984826311474021
0.979933826506651 -0.176869968685882 -0.0919059837284146
0.61972100288759 0.67988200316791 0.392054001826776
0.522600042376594 -0.630560051130856 -0.573832046530895
-0.757359097088141 0.352507045188939 -0.549678070464885
0.101269000003899 -0.99272100003822 -0.0651890000025098
-0.764200059044391 -0.620895047972216 0.174607013490662
-0.135729066939285 0.307223151517273 0.941908464533357
-0.632560118708141 -0.321255060287694 -0.704743132254223
-0.781001086837173 0.601160066841188 0.169245018817847
0.0586749792564916 -0.829143706870804 0.555947803454418
0.191747887102616 0.739260564737923 0.645543619916617
0.441289909038465 0.108567977621265 -0.890772816388136
-0.973050319257862 -0.183006060044298 0.140292046029828
-0.353364009826877 0.0654430018199372 -0.93319402595166
-0.624276683069167 0.703271642965253 -0.340128827324461
-0.445652158979974 -0.895079319306626 -0.0150720053767203
-0.182438017998515 -0.551558054414238 0.813941080299768
0.266484965105262 -0.908829880993733 -0.320957957972323
-0.909309488001982 -0.386418207380274 -0.154393082858621
-0.770331318177328 0.2196820907374 0.598606247248076
0.921550003956675 -0.200428000860538 0.332527001427705
-0.656660054557289 -0.593547049313672 0.465295038658109
0.00936100277663297 0.972541288472322 -0.232542068975941
-0.345415974036982 0.494026962866712 0.797887940027154
0.633569893320461 -0.150310974690866 0.75894387221018
-0.350680866298912 -0.829780683636632 -0.434150834475033
0.114647949846291 0.12768194414446 0.985166569030605
-0.649737847104358 0.759644821241161 -0.0279369934258954
-0.718809908441594 -0.0847389892063719 0.690022912108337
-0.118950016473092 0.596925082666668 -0.79343010988016
0.802383814085686 0.392114909146006 0.449917895752911
-0.933460031744643 0.353121012008763 0.06291200213948
0.0397410077643803 0.885017172909805 0.463859090626247
0.211082946663357 0.269882931805719 -0.939471762613365
-0.358168873754986 0.797114719038234 -0.486130828651795
-0.859123951499877 -0.401206977350663 0.317708982064375
0.400527791539557 0.21629188742778 0.890390536583455
0.554600059926481 -0.78639308497253 -0.272038029394663
-0.532766174398638 -0.802427262670997 0.268832088000989
0.985536920176933 0.0529439957118277 0.160977986961669
0.0753369879824706 0.532071915125491 0.843340865472806
-0.542780904391595 0.444778921654201 -0.712432874508166
-0.752646256817623 0.459817156898607 0.471266160805231
-0.177891977423019 -0.983541875174774 -0.0316199959869801
0.589317140449024 0.384894091729895 -0.710325169288266
0.476013976899756 0.615044970152791 0.628593969495278
0.846824823111015 -0.460130903885566 0.266771944275348
-0.391648100479291 0.198469050918234 0.898455230503211
-0.242280000665664 -0.778397002138646 0.579136001591176
-0.795938188714977 -0.122544029054886 -0.592845140562117
0.26262913477264 -0.741036380275514 -0.617973317123595
0.726638842937758 0.674658854173179 0.129735971957702
-0.919883849328097 0.0218469964215824 0.391581935861038
-0.262998053411228 0.944168191747361 -0.198440040300398
0.125611938159123 -0.302198851222405 0.944932534793764
