# command_history: dirorder ElectricRepulsion/Elec210.txt ElectricRepulsion_dirorder/Elec210.txt -cartesian -nthreads 40  (version=3.0.4)
-0.748908850981757 0.350763930204825 0.562227888127625
0.638897125721869 0.132394026052433 0.757814149122304
-0.114231941957737 -0.945986519335858 0.303414845832225
-0.913741795088857 -0.404110909376118 0.0420749905644741
-0.145507935480559 -0.268566880915189 0.95220757778316
-0.0916410332300985 0.884614320771384 0.457230165796946
0.72976200504521 -0.569205003935199 0.378752002618502
0.0239729926185489 -0.379105883270663 -0.925042715172916
0.586938994377711 0.589748994350794 -0.554705994686471
0.585493743982085 0.681169702146011 0.43955080779832
0.61331301591118 -0.787292020424717 -0.0633910016445528
-0.209321972083358 0.581704922419765 -0.786004895172892
0.995634448829124 -0.0829650374003984 -0.0427650192783467
-0.551397724761899 -0.0177529911383393 0.834053583670164
-0.334242113989783 -0.934586318730905 -0.121781041532153
0.907068437126363 -0.0324950156597093 0.419727202271205
-0.473611737638115 0.659623634594993 0.583599676709213
0.30771292138259 -0.163542958216497 0.937318760524929
-0.372509864430088 0.866901684502893 -0.331236879450831
0.880264247156229 0.118775033349065 -0.459377128981631
-0.215798082481711 -0.612431234081674 -0.760499290675813
-0.600935185181211 -0.793213244432665 0.0984360303335596
-0.269773116954495 -0.671473291103207 0.690178299212373
0.832591190525611 -0.541867123997907 -0.114769026263116
0.640165888422616 -0.360807937113166 0.678236881787052
0.161597012238873 -0.982271074394267 -0.095026007196985
0.785488804867717 0.447588888809311 0.427400893824442
0.322119151888557 -0.256490120942559 -0.911291429700438
-0.329226071797465 -0.295269064392137 -0.896898195595131
-0.570376980130918 -0.327128988604462 0.753429973754267
0.165179915297 -0.809102585098369 0.563975710797559
-0.907819659912663 0.313801882443561 -0.278193895783022
0.263688125259668 0.81738638828274 0.512199243309808
-0.781096897950478 -0.551566927938337 0.292679961761658
0.923674282357111 -0.223995068472839 -0.310889095035391
0.420798087005063 -0.850086175765536 -0.31667406547617
-0.0817609636766371 -0.0308769862825005 -0.996173557437045
-0.955662794022675 -0.213236954040298 -0.20307295623098
-0.415595102556624 -0.837345206632121 0.355153087641316
0.141625975790387 -0.677206884237927 -0.722033876575179
0.457025145212222 -0.668108212280394 0.587162186561126
0.564508916620346 0.479118929232702 0.672141900722632
-0.521471008010316 0.420229006455138 0.742614011407294
0.745220210750541 0.646037182701279 0.165175046712005
0.0672820209700599 0.435402135703546 -0.897718279795491
0.011962995914823 -0.999599658652269 0.0256399912443419
-0.619987067648653 0.0658710071873836 -0.78184208530914
0.67713775620946 -0.651382765482054 -0.342322876753175
-0.807927346068885 -0.291538124877904 0.512112219358963
-0.745436545326709 0.637689611046123 -0.194103881607829
0.386546096219453 0.0608390151441104 -0.920261229072374
0.953852815031742 0.250574951409262 -0.165459967914503
0.206082931968429 -0.944360688250062 0.256344915376071
0.839740664695818 0.0874779650704929 0.535894786019934
0.344239825395236 0.886560550320201 0.309045843246271
0.087152017955322 0.696399143474256 -0.712343146759087
-0.749300786433196 0.176698949637007 0.638220818093371
0.406433832612699 -0.291965879755629 0.865775643435569
0.967728569816682 -0.242328892277804 0.0691239692723979
-0.259446894474408 0.556215773768736 0.789500678884086
0.314371913070834 0.947280738060808 -0.0618829828883056
0.492814142299858 -0.868791250863076 0.0483320139558469
-0.0961559775554667 0.0595759860938941 0.993581768080158
-0.770144733526503 0.30092989587692 -0.562421805399558
-0.349130915202046 -0.530690871104225 0.772317812417156
0.395699867895621 0.555887814416884 0.731033755944421
0.0289189911983618 0.942264713217067 0.33361789846174
-0.735025312146941 -0.677861287870804 0.0155520066045498
0.894435641974926 -0.387027845080332 -0.22404091032081
0.370814934066515 0.115609979443738 0.921482836153916
-0.0833170257144292 -0.880820271850685 0.466062143842413
0.707244065777945 -0.0138360012868312 -0.706834065739812
-0.885488248452099 -0.335574094156064 -0.321404090180215
0.368861984889016 -0.784884967846011 -0.497891979603109
-0.391333216273297 0.565736312658503 -0.725810401124673
-0.65734808250442 -0.648657081413604 0.383585048144146
-0.953897782657277 -0.0907689793185627 0.286076934818236
0.096424961771994 0.507298798879656 0.856358660493679
-0.498120046000143 0.760664070245428 -0.416253038439929
0.711443290046595 0.383326156277314 0.588990240124007
-0.033788007108592 0.295974062269398 -0.954598200836027
0.737115318727627 -0.496613214734856 -0.458297198167064
0.487181222882781 0.855209391253682 0.17683708090201
0.332883003377264 -0.942644009563595 -0.0247220002508171
-0.993909117885083 -0.0809020095955857 -0.0748300088754008
0.41612218252829 0.371635163014455 -0.829897364027089
-0.03295300330199 0.779181078076285 0.625932062720274
-0.355865116999573 -0.768692252726837 0.531481174737752
-0.839084714329462 0.539877816195929 -0.0668489772409353
-0.490129016208322 0.268696008885643 0.829202027421297
-0.819491721657635 0.106919963684373 -0.56302880876589
0.661907940596082 0.430694961346636 -0.613497944940709
0.20034791068442 0.174000922429971 0.964149570179807
-0.42016695497113 -0.761024918441725 -0.494267947029801
0.698411430173732 -0.47268029113877 0.53739633099943
-0.141348034096966 -0.981109236670067 0.132081031861515
-0.842202385570026 -0.535178245010811 -0.0654170299486755
0.118712055373014 -0.454244211881354 0.882932411842154
-0.579810783683943 0.777877709789049 0.242333909589961
-0.916674833401239 0.0562039897853473 0.395661928091419
0.150421018313309 -0.235712028697234 -0.960111116890655
0.49451809008711 0.234063042639619 0.837058152488153
0.137313964111284 -0.951247751379542 -0.27617492781824
-0.947177244073873 0.150494038780137 -0.283208072978623
0.10161497798908 -0.701285848093788 0.705600847159112
0.830315743641714 0.402753875650566 -0.385181881075883
0.450615017054652 0.874856033111114 -0.177688006725047
-0.633423958155698 0.76418694951743 -0.121623991965459
0.215869956440254 0.0915069815350826 -0.972124803837872
-0.150490954942037 -0.748445775910503 -0.645895806614626
-0.561020939270048 0.237403974301259 -0.793028914155418
0.618954276250187 -0.484668216315955 -0.618055275848947
0.719741288085505 0.60013524021168 0.3490131396969
-0.0609800177309794 0.919335267312397 -0.388721113027288
-0.640177817855353 -0.146915958199184 0.754047785456846
-0.74454908264123 -0.205820022844995 -0.635047070487053
-0.917326996366468 0.395262998434363 0.0477319998109335
-0.183485952664484 -0.958918752619131 -0.216350944186007
-0.30817290088252 0.687918778745063 0.657112788653176
0.132767935146531 -0.145935928714329 0.980344521128778
0.969495405114404 0.24459310220594 0.0159020066448298
-0.347731027877424 0.786320063038889 -0.510670040940163
0.512356060460837 0.724298085471163 -0.461393054446921
0.849620843930188 -0.21006096141317 -0.483754911137375
-0.197675980665214 0.403681960515668 0.893288912626969
0.816013032120313 -0.40200901582408 0.415345016349018
-0.626059978086336 -0.735665974249852 -0.258542990950349
-0.356681030129383 0.921200077815156 -0.155464013132279
-0.246282944371831 -0.40776190789842 0.879246801403668
0.277638012283678 0.461338020411209 0.842665037282451
0.910058762470144 0.160059958223556 0.38232690021078
-0.78274621886331 -0.120584033716446 0.610547170714813
0.489369204761661 -0.415650173916174 0.766650320781511
-0.302131911257224 0.930553726675938 0.206847939244218
0.704055550245938 0.682184564217229 -0.197306873959423
-0.719974702738706 0.672186722469284 0.172630928724588
0.187987937500789 0.789739737440012 -0.583927805865058
-0.440762060592226 0.110898015245318 0.890747122452351
-0.500202094754792 -0.628619119081217 -0.595513112809846
0.455725918802409 -0.102041981818978 0.884251842451095
0.972632309760097 -0.0751820239436741 -0.219850070016982
0.631403998105472 -0.710640997867722 0.310351999068789
-0.076230983233645 -0.856128811701766 -0.511108887585957
-0.886085151083734 -0.409825069878049 0.216556036924323
-0.287713062615864 -0.92668220167665 0.241829052629988
0.428628897598211 -0.557466866818115 -0.710990830140401
0.0145729947626196 -0.581540791000383 0.81338670767741
-0.613187829569985 -0.313526912858028 -0.725052798478128
-0.987319651550273 0.0865349694596513 -0.133084953031001
0.512096930262133 0.491967933003319 -0.70407690411811
0.525067844289054 -0.74342177953533 -0.414279877143663
0.0247780073914665 0.208374062159555 0.977735291665814
-0.0361139995383006 0.977732987500173 -0.206721997357163
-0.830341274740875 -0.498317164881716 -0.249426082529368
-0.832489859386647 0.491314917013478 -0.256066956748502
0.609426742237834 -0.14402193908471 -0.779651670239769
-0.312013004045873 0.444989005770173 -0.839424010884811
0.0102190023399014 0.987802226182535 0.155378035577767
0.0367240111714275 0.654289199034477 0.755352229777806
-0.741813235729738 -0.0119410037945531 -0.670500213068239
-0.841915997831225 0.367135999054258 0.395459998981295
-0.473923041264955 -0.880565076671685 -0.00144800012607882
-0.320448957196835 -0.237389968291231 0.917037877508966
-0.604139786408531 0.629792777339007 -0.488237827385256
-0.72513174818898 -0.500524826186528 0.47292583577062
-0.259593984934204 0.882109948805868 0.393055977188604
-0.26213795737375 0.00355999942110854 -0.965023843077486
-0.990498727405378 -0.0863369762392472 0.107042970540762
-0.000833999943938526 0.806377945795276 -0.591399960246096
-0.657520276447226 -0.541629227722099 -0.523741220201281
-0.798475811422393 0.527741875362161 0.289697931581468
0.0828549678605228 -0.538369791166129 -0.838625674696745
0.87214900501224 -0.221728001274271 0.43611100250633
0.62212376147624 0.778654701461898 0.0816019687136072
0.487375873926356 0.19563394939371 -0.850994779865975
0.510457014091932 -0.828283022865996 0.231043006378289
-0.451817139894807 -0.401259124240678 -0.796776246703477
-0.435100129786907 -0.641446191338296 0.631850188475885
0.644615041759131 -0.304444019722341 -0.701274045429586
0.282426868083242 -0.697098674397136 0.659005692189716
0.914850062254634 0.378629025765327 0.140319009548569
-0.193693986638118 -0.902812937719903 -0.383941973513956
0.0416650043998664 0.118938012559974 -0.99202710475906
-0.962639869515137 0.239816967493052 0.125746982955123
-0.186012987463376 0.979031934016677 -0.0830399944033952
0.70664220383062 -0.184656053263954 0.683051197025805
0.90556421825685 0.251810060690639 -0.341387082280271
0.568457956745467 0.772852941192849 -0.282052978538308
0.365197005692326 -0.415871006482181 -0.832876012982039
0.740178323374728 -0.672390293758979 0.00522900228448623
0.327034022805064 0.695127048473296 0.640193044642583
-0.216253011324522 0.314149016451042 -0.924416048408896
-0.826625940203535 -0.277419979931994 -0.489619964581872
0.254430983034161 0.872720941805661 -0.416680972215089
-0.464552756633185 0.875152541530895 0.135272929134116
-0.831502752788864 0.040369987997742 0.554051835276813
-0.153440945591461 -0.346052877293305 -0.925582671798161
-0.558934828933271 0.526685838803347 -0.640463803980639
0.164477980034924 0.985452880381302 0.0427739948079003
0.964350555876651 0.0410109811127456 0.261430879600258
-0.27073995427717 0.0854689855659135 0.958850838068325
0.201479027697223 -0.798724109800212 -0.566962077939999
0.823793836926319 0.555047890125783 -0.115262977183177
0.1712170486069 0.562177159596778 -0.809099229695617
0.911579182668636 -0.390641078279402 0.128152025680003
-0.48632377722753 -0.802657632323091 -0.345296841828358
-0.612312039231752 0.610188039095664 0.502737032211117
0.221325055025289 -0.879624218690001 0.421042104678448
-0.513406819181487 -0.0537129810826405 -0.856462698359458
0.708832827877689 0.273143933673832 -0.650344842080033
