# command_history: dirorder ElectricRepulsion/Elec250.txt ElectricRepulsion_dirorder/Elec250.txt -cartesian -nthreads 40  (version=3.0.4)
-0.879100744880166 0.442962871449757 0.17597094893227
-0.387533093235436 -0.874184210317382 0.292609070397947
0.205290994722995 0.162459995823966 0.965122975191514
-0.844491833548565 -0.389164923294628 -0.367945927476945
-0.436113779976947 0.733049630170324 -0.521960736666438
-0.655214850155657 -0.102541976549165 0.748450828833057
-0.122881037118558 0.864074261010087 0.488135147450518
0.117348028116943 0.405393097133414 -0.906579217219126
0.846996018331535 -0.207907004499731 0.48925701058899
-0.446588815048407 -0.844597650215868 -0.295318877695779
0.54647795540057 -0.49847095931854 -0.672969945077243
-0.926784713740806 -0.29752090810369 0.229240929193563
0.342771123279199 -0.938371337489535 0.0443530159517646
-0.474699072075702 0.247683037606833 -0.844579128236259
-0.254522970373146 -0.568906933778384 -0.782024908971133
-0.557323868337546 -0.540507872310165 0.630270851104517
0.994920971551728 -0.0216149993819515 0.0983109971889445
-0.0046870006063784 -0.854379110534877 0.519629067226755
-0.235558966537084 0.29399695823553 0.926324868408614
-0.695561133705991 0.703882135305516 -0.144030027686535
0.733137081246989 0.673817074673086 -0.0920900102055076
0.671566439010848 0.179189117138025 0.718950469986344
-0.0977099618330307 -0.994578611502752 -0.0355829861007546
0.879155741995961 -0.112741966913845 -0.463005864122615
0.583352972133521 -0.757876963796597 -0.292098986046578
0.272868139039177 0.140481071581727 -0.951739484956123
0.295796918353406 -0.543593849955887 0.785499783184416
-0.597350167399642 -0.626475175561548 -0.500701140315005
-0.153792070531982 0.68670331493526 0.710483325841227
0.829602037950561 -0.458499020974267 0.318652014576896
0.242571854313329 0.721491566678067 -0.648543610490013
-0.77533090277855 -0.434500945516409 0.458334942527781
-0.208215933981193 -0.860978727010379 -0.464070852857542
-0.544500165695509 0.228496069533078 0.807037245587524
-0.926972113327446 -0.1014490124027 -0.361152044152826
-0.235118957578196 0.122486977900044 -0.964217826029086
-0.115895960113949 0.964533668051937 -0.237155918381856
-0.975949768141201 0.153696963485832 0.15459396327273
-0.437172089535258 -0.323409066235962 -0.839218171876515
0.325938839375261 -0.903535554731915 -0.278185862908232
-0.547711084708455 -0.836619129390688 0.00900000139193132
-0.582188061932587 0.482353051312238 -0.654517069626875
-0.740503029930763 0.514094020779424 0.432854017495743
-0.911767754734051 -0.408895890006816 -0.0385189896383739
0.450310845334012 0.347427880670704 -0.822504717498466
0.00241700045737025 0.450595085266341 0.892725168930846
0.043628996744099 -0.670746949944169 0.740401944746026
0.699058055383576 -0.0942220074648331 0.708830056157772
0.408596117352703 -0.863946248133606 0.294357084542163
-0.86215851969076 -0.162604909412668 0.479835732683108
-0.72401505129864 -0.656638046524777 -0.211255014968052
-0.0321809847516715 0.0257799877846584 0.999149526572592
0.392475993475479 -0.747063987580808 -0.536523991080825
-0.944042110904186 0.321864037811946 -0.0720280084617069
0.61104480524447 0.684294781897838 -0.397950873162929
0.0241280035082482 0.980803142610258 0.193502028135487
0.732651725856062 -0.296460889070137 -0.61264377076069
0.55016225447926 0.440667203831984 0.709319328097859
0.225114906362349 0.933305611786945 -0.27975688363375
0.713328065965373 -0.700332064763561 -0.0264210024432955
-0.0597700224791511 0.417484157013316 -0.90671634101064
-0.46846508513815 -0.0224330040769409 -0.883197160510942
-0.283229972008242 -0.765114924383313 -0.578255942850679
0.977732629012135 0.148227943756844 -0.148550943634286
-0.599230874413806 0.655085862707774 -0.460200903551565
-0.465905069710119 0.105255015748572 0.878552131451615
-0.853224972419503 -0.0835949972977918 -0.514799983359091
-0.242935952833868 0.563026890688058 0.789925846635517
-0.298120960095469 -0.598278919918278 0.743764900444471
-0.351600114888169 -0.921740301186067 -0.163622053464824
0.168452075397144 -0.855558382937751 0.489534219109691
-0.678000091445268 -0.270185036441209 0.683605092201243
-0.483958039406285 0.874435071200879 0.0338810027587608
0.926178056876133 -0.181124011122735 0.330739020310518
0.802370262222668 0.56167418356077 -0.201802065950944
0.017752008366133 0.694184327153878 0.71957833912152
0.773638286660502 0.370874137422059 0.513747190361607
0.872302818949643 -0.259653946107661 -0.414327914004386
0.683091714863574 -0.362210848805798 0.634183735278763
0.138295029577299 -0.162143034677697 -0.977028208958022
0.151163954485976 -0.9665577089787 -0.207160937625819
-0.355973026168824 -0.762690056068018 0.539988039696412
0.956719826196074 0.266672951554463 0.116501978835495
0.159531925663484 -0.274529872078306 0.948252558146177
-0.61315714927098 0.590307143708226 0.524953127798017
0.159789956863029 0.979164735664234 -0.125313966170184
-0.871978063099387 0.464975033647222 -0.153142011081892
0.733876633712356 -0.0265769867350704 -0.678762661220477
-0.446827158996994 -0.712092253387748 -0.541544192700683
-0.366823926447958 0.653466868973045 -0.662133867235221
0.10258896005951 0.31117687885093 0.944798632165872
0.838336621171276 0.527762761513826 0.136594938275288
-0.419880114817913 -0.190394052064022 0.887384242658804
-0.704325758307488 0.681571766115622 0.198456931898622
-0.547620019488154 -0.788201028049711 0.280805009993008
-0.566600204613819 0.792218286090276 -0.2266150818365
-0.526380160513075 -0.162757049630735 -0.834526254478389
-0.972336570685301 -0.00883999609688623 0.233416896939694
0.0421749892958836 0.877261777348796 0.478155878642858
0.38518590767923 -0.399219904315584 0.832018800583006
-0.473315100529535 0.389069082636142 0.790315167858613
-0.598910872098405 -0.762387837186758 -0.245092947658691
0.175047925005109 -0.980638579870006 0.0877849623907355
-0.314921007222556 -0.449013010297889 0.836189019177577
0.773777059002824 -0.390223029755678 0.498994038049794
0.0986969454464693 0.119176054876378 -0.987955454918712
0.11875399303021 0.906278946809584 -0.405654976191704
-0.418207203124333 -0.510311247859509 -0.751455364983838
0.867217997006363 0.303243998953202 -0.394937998636674
-0.440102108452175 0.817295201401995 0.371939091655102
-0.973966190138672 -0.118621023157317 -0.193181037712999
0.40580805900409 0.913947132887009 0.00452300065763982
-0.922817493673347 0.290964155655099 0.252483135069172
0.55732188936242 -0.108817978397838 0.82313483659417
0.65828825011206 0.560341212897762 -0.502667190984917
0.320559976777835 -0.665597951782422 -0.67395895117673
-0.106861000172527 0.774971001251191 -0.622897001005667
0.73259675511236 0.51654282733345 0.443266851827663
0.807419240450697 -0.58054017288576 -0.105106031300738
0.307682909812922 -0.139792959024313 -0.941163724128953
-0.165830989453647 -0.447236971557071 -0.878907944104093
-0.732646114717371 0.555271086944076 -0.393578061626261
-0.0200389914812863 -0.544776768411631 0.838341643615175
0.129673941763381 0.934241580431733 0.332230850794992
-0.77987686769624 -0.213648963755097 -0.58834190018957
-0.832865833674211 -0.0154629969119934 0.553258889512551
0.230322113944063 -0.909440449914853 0.34622217128169
0.96983808280187 -0.175611014993142 0.169041014432215
-0.30883801608413 -0.0281140014641632 -0.950699049511932
0.895215221996394 0.424102105169277 -0.136847033935469
0.571898990121589 0.392743993216133 -0.720196987560037
-0.322003083913532 0.421013109715399 0.847975220981099
-0.356301050087736 0.925527130107836 0.128254018029566
0.64923586531084 0.756667843023219 0.0771139840020888
-0.813719856701911 0.071378987429983 -0.576857898413891
0.185372991527991 0.689775968475514 0.69988996801328
-0.676179011409507 0.18009600303885 0.714386012054192
-0.180070009588638 -0.824155043885845 0.536976028593706
-0.0681739823020024 0.12780296682229 -0.989453743137347
0.785197702090945 -0.556602788821324 -0.271399897029135
0.00591999871839146 -0.994275784751247 0.106679976905068
-0.687158964291442 -0.680366964644392 0.254780986760179
-0.536319099739809 0.369616068737876 -0.758779141110929
0.520020054923221 0.0666580070402524 -0.851549089938491
-0.296509076632633 0.842574217762913 0.449612116202042
0.997583430711727 -0.008949003863778 -0.0689000297479388
-0.650397120295511 -0.488459090343936 -0.581714107592106
0.511115942708762 -0.770425913642579 0.381056957287137
0.413559084659275 0.643999131832432 -0.6436101317528
0.289768057477818 0.90323617916414 0.316542062788657
-0.269882940631967 -0.298698934293112 -0.915391798634881
0.675659344193457 -0.452441230481992 -0.582049296506755
-0.208396020404264 0.670989065697214 -0.711579069671422
0.924295182462819 0.251472049642474 0.287124056680448
0.775514064965979 -0.58836904928856 0.228910019176136
0.0777959956246755 -0.577528967519194 -0.812654954295474
-0.319394074020863 -0.936966217145694 0.141710032841871
0.782660282833911 0.29366710612397 -0.548819198329574
-0.162559918921229 -0.262886868881921 0.95103352566026
0.946188227534641 -0.310775074733645 -0.0902590217050409
0.531084063284777 0.747086089023904 0.399765047636606
0.597255160248956 -0.800026214654262 0.0569590152826185
-0.225914038942952 0.415359071599395 -0.881158151893615
0.0535139819648279 -0.78949173392712 -0.611423793939211
-0.918716923352369 -0.0271119977380732 0.39398496713023
-0.621896235542933 -0.0345460130842877 -0.782337296309916
-0.458293939364737 -0.784943896146827 0.416928944837594
-0.534644973436165 0.712390964604856 0.454591977413598
-0.79561019210806 -0.529418127833317 -0.294484071106132
-0.0677119765236524 0.309324892754294 0.948542671131776
-0.125080947804607 -0.654179727015436 0.745924688730914
0.901412109920904 -0.0522890063762787 0.429793052410257
-0.0634639867181313 0.99662179142502 0.0521279890905513
0.518166822145746 -0.615518788730906 0.593834796173664
-0.840388187512055 -0.540542120608744 0.0395210088181458
-0.792222976612786 0.365622989206444 0.488571985576867
-0.375236128046912 -0.0187640064030963 0.926739316243822
0.355108861179806 0.649610746052268 0.672237737206858
-0.916750878706074 0.3251499569799 -0.232045969298348
-0.293822148099769 0.934664471113539 -0.200177100898392
0.395234972952096 -0.117562991954577 0.911025937653942
0.742569663458223 0.564456744181206 -0.360525836605221
0.03167600680293 -0.939044201674789 -0.342334073521728
0.400661080323339 -0.536110107477757 -0.743005148955458
-0.990979755742844 -0.132239967405431 -0.021718994646692
-0.683825624040981 -0.338715813778161 -0.646261644693201
0.2743508755317 -0.765710652610173 0.581737736075538
-0.604449025239072 0.787958032901582 0.117318004898672
0.471525048160392 0.868300088686005 -0.154010015730199
-0.561011350755065 -0.228240142700118 0.795721497500354
-0.754759864132293 0.227409959062914 -0.615322889232968
0.13764300754442 0.0193920010629047 0.990292054279394
0.888332693906368 -0.459041841827521 -0.0120669958420639
-0.0567009828709475 -0.963837708829973 0.260387921338253
0.44287206468767 0.503012073471961 -0.742188108406972
-0.191309077213698 -0.964987389475744 -0.179444072424898
-0.796079287459904 0.159663057653462 0.58375121078939
0.323136046837119 0.429957062320346 0.843042122195171
-0.957575694063711 -0.282416909770495 0.0573539816759506
0.395960833550375 -0.266843887827125 -0.878640630646794
0.672690788234955 -0.516474837412197 0.529849833201709
0.669885215228125 0.649308208616917 0.36007311568827
-0.00264699943003623 -0.275721940630317 0.961233793022836
0.227393025224482 -0.775362086010146 -0.589157065354608
0.0647610242442654 0.763865285964481 -0.64211824038664
0.670229241519496 -0.644784232350297 -0.367486132424938
0.863688750163814 0.238913930890213 0.443803871622426
-0.681513014389807 -0.421809008906286 0.598011012626704
-0.460460961569239 0.876888926813538 -0.137990988483066
0.50405195487097 0.851468923765862 0.14467998704644
0.378112840929096 0.174150926735243 0.909231617489067
0.940834962372718 -0.133450994662828 -0.311480987542785
0.443845895492502 -0.520608877417969 0.729360828265449
-0.114117016308065 -0.793313113369609 -0.598023085461392
0.605274854590905 -0.0578479861028039 -0.793911809273429
-0.96355314998525 0.0318430049566348 -0.265615041345242
0.289737041056031 0.859530121796286 -0.421023059659393
0.161991990549388 -0.441753974228074 -0.882389948521372
-0.84729718908032 -0.437074097536155 0.30175106733787
0.65862392298184 -0.685323919859596 0.310717963665265
0.301175927254879 0.310712924951341 -0.901526782247952
0.479955784353035 -0.851929617222997 -0.209423905904604
0.752652327355288 0.0560010243568388 0.656032285331792
0.620545134897219 0.773374168119962 -0.129677028189844
0.509370135034041 0.585312155166273 0.63083416723416
-0.140116938602803 0.551908758161638 -0.822048639790285
0.845568198224885 -0.414954097276871 -0.335898078743924
-0.0352700052946454 -0.17025202555781 -0.984769147831094
-0.222356964654918 0.972507845413569 0.069179989003392
0.934514345463384 0.164355060757393 -0.315706116707575
-0.628410833605945 0.237598937087255 -0.740706803871605
-0.0548979903325197 0.922224837597143 -0.382736932600415
-0.476178805170053 0.631810741492792 0.611611749757269
0.894205156231068 0.394828068982392 0.210969036859458
0.37092087954977 0.817420734556556 0.440727856881144
-0.804107922123358 0.591167942746274 -0.0626969939278905
-0.207489048142237 0.0117120027174543 0.978167226957321
-0.518588030753827 -0.672787039898291 0.527659031291764
-0.985809229375654 0.167742039029803 -0.00654000152171138
0.318148886275474 -0.267402904414977 0.909547674875875
0.255258942208616 0.966668781143313 0.0198579955040908
-0.0899419748462462 -0.57961483790117 -0.809911773494841
0.765127025523873 0.143272004779411 -0.62773702094068
-0.339666879848637 0.831848705747714 -0.438923844738179
0.61147911574995 -0.347415065763941 -0.710912134572125
0.571945071968425 0.298412037549487 0.764087096145849
-0.862376677261626 0.324630878509189 -0.388485854611916
-0.760100536470312 -0.647241605294714 -0.0576669648331386
0.180032929480845 0.525282794245982 -0.831664674235763
-0.189730074649977 0.916832360730972 0.351313138225411
