# command_history: dirorder ../ElectricRepulsion/Elec090.txt ../ElectricRepulsion_dirorder/Elec090.txt -cartesian -nthreads 12  (version=3.0.4)
-0.498847190296771 0.605659231042688 -0.61994223649127
0.852775129985965 0.189261028848493 -0.486780074198432
0.16607894319387 0.833430714930907 0.527077819716752
0 0 1
0.90476325756216 0.233078066351158 0.356480101480453
-0.574469005109615 0.738741006570732 0.352487003135196
-0.429368806187688 -0.837698621872142 0.337495847658121
0.875622925913985 -0.482928959139624 -0.00800699932253182
0.517202262786916 0.37656319132917 0.768571390505843
-0.234758883774309 -0.629658688265191 0.74055263336322
0.488816010906219 -0.272836006087381 -0.828625018487867
0.0536959995166018 -0.985429991128667 0.16138299854715
0.733861048464919 0.672506044412973 0.0958310063287757
-0.712026546607984 0.155428901028658 -0.68473356398714
-0.201461019988661 0.644691063965284 0.737419073165618
0.997701290485263 -0.0401410116872379 -0.0545970158961692
-0.46643914034083 -0.200650060370997 0.861495259204148
-0.554297827482311 0.822144744118587 -0.129737959620818
0.291854977802241 -0.332086974742296 0.896960931779396
0.269386945849189 0.926993813660357 0.260984947538116
-0.843769986038138 0.311012994853668 0.43740499276226
-0.912634197685259 -0.399043086436533 0.0886760192080703
0.0147309970599437 -0.892301821911743 0.451198909948377
-0.000988000181506518 0.461547084791284 0.887115162972829
0.876355879162363 -0.19922597252943 0.438530939532508
-0.677661697365163 -0.459738794686677 0.573946743682903
0.293598912062882 -0.887321734234314 -0.355611893489097
0.578971072754957 0.564453070930588 0.588375073936687
0.0207900063922627 -0.521810160439951 0.852808262211291
0.404636821109089 0.165593926790527 0.899359602390959
0.679879002520312 -0.607517002252066 0.410716001522524
-0.346951932324257 -0.936703817288445 0.0470139908295459
-0.689298798664811 0.303246911425532 0.657957807819106
-0.168281984445949 0.978006909604292 0.123221988610777
-0.214828927994834 -0.150361949602517 0.965007676554089
0.779139936433092 0.473553961364628 0.410715966491328
0.642855099628727 0.663573102839572 -0.382633059299902
0.9616758653149 -0.246847965428328 0.119354983284037
0.266830105397779 -0.768051303379941 0.582150229949095
-0.48182906492888 0.525168070769028 0.701455094524588
0.49702291396385 -0.117473979664903 0.859748851174907
0.935550795981186 -0.0623849863954892 -0.347638924189171
0.342089048982537 0.647041092647556 0.681405097568018
0.69252902287181 -0.713765023573161 -0.104609003454869
-0.475110917804393 -0.450153922122028 0.756062869198867
0.507245108088364 0.847081180503701 0.158606033797205
0.143704010065029 -0.218048015272084 -0.965300067609619
0.977792448884083 0.192317088288757 0.0832830382335027
-0.255761010889537 0.904363038505066 -0.341634014545752
-0.111986960324483 0.823197708351805 0.556600802803606
0.8377189447516 0.0491539967582449 0.543884964130244
-0.61632603027147 0.0308640015159163 0.786886038648695
-0.230688937815268 -0.815248780240753 0.531179856814646
0.524961882830621 -0.377017915851119 0.763067829686332
0.773851047359299 0.613406037540144 -0.157758009654712
0.801869270123341 -0.531576179070503 -0.272823091905112
0.14889902936788 0.230034045370424 0.961724189684247
0.857875648917465 -0.422573827063176 0.292370880348265
-0.104453037742806 -0.993046358824954 -0.0543000196206369
0.03768498433379 -0.277266884736021 0.9600536008914
-0.640356783465311 -0.687916767383048 -0.341633884477546
0.460513091111143 -0.876156173344888 -0.142401028173619
-0.685043627730268 -0.219666880627558 0.69459462254002
0.0762850334356612 0.672761294870667 0.735916322551459
-0.95800638700017 -0.176794071418455 0.225760091198968
-0.0166909900937501 0.732763565098358 -0.68027859624865
0.638823015532982 0.103235002510159 0.762396018537659
0.485326136392679 -0.78364722023076 0.387757108972559
-0.667948155176064 0.542006125917523 0.509975118476158
-0.580273789483671 -0.806319707476939 0.114589958428146
-0.362830888990274 0.0646779802114839 0.92960771558238
-0.965233723916168 0.0182859947696942 -0.260747925418803
-0.000355000176789777 -0.943811470017285 -0.330484164580824
-0.462806048778372 -0.667811070385287 0.582957061441929
0.272022960892078 0.450196935276542 0.850485877728206
0.722072108759953 -0.397224059830687 0.566414085314429
-0.803462731753567 0.0570139809651444 0.592618802146542
0.875421113729028 0.453854058961773 0.1662960216041
0.273224975757978 -0.570598949373325 0.774444931286989
-0.396882964824463 0.731728935147233 0.554126950888008
0.323380018044444 -0.942105052568992 0.0886760049480769
0.255493084133503 -0.0611150201250878 0.964877317732706
-0.942361131382585 0.283991039593607 0.17693102466746
0.420213834906211 0.787841690472423 0.450250823105266
-0.232344118974973 -0.402559206135929 0.885416453389564
0.832093082329374 0.423171041869603 -0.358535035474355
-0.735364939490499 -0.301062975227034 -0.607123950042808
-0.18977308568921 -0.945424426892315 0.264875119600414
-0.273987034787862 0.423198053733037 0.863617109652608
0.74749799116121 -0.645258992370135 0.157757998134591
