# command_history: dirorder ElectricRepulsion/Elec130.txt ElectricRepulsion_dirorder/Elec130.txt -cartesian -nthreads 40  (version=3.0.4)
0.0741170117147135 0.640574101247229 -0.764311120804733
0.996568039427222 0.0027190001075718 0.0827330032731659
-0.0578690120468539 -0.741393154339165 -0.668571139179477
0.572090086500886 -0.820029123989643 0.0162840024621658
0.586170177911762 -0.00453800137735397 -0.810175245900782
-0.613752069651164 -0.785996089198139 -0.0742869084303905
0.566745277980976 -0.135109066269189 0.812739398637801
-0.00800799943293356 -0.973804931042441 0.227243983908286
-0.780406043230984 0.418162023164295 0.464873025751874
-0.0497530214924392 -0.209251090392829 -0.976595421872223
0.83615539456092 0.405775191475214 -0.369040174140873
0.723400878768512 0.419980929617292 0.548002908162666
0.6322071138014 -0.637163114693513 0.440837079353547
0.316056095074745 -0.80572424237478 -0.500916150683616
-0.5052799439925 -0.616724931639437 0.603607933093384
0.125938958782138 -0.212151930565973 0.969087682832674
-0.27678392924172 -0.902962769162564 -0.32870791596764
-0.886631655454562 0.328355872400769 -0.325678873441052
0.339041114585914 -0.327617110724937 -0.881883298050589
0.89104928038563 0.452185142288669 0.0394940124275433
0.242972118022034 -0.833003404625671 0.497061241444077
0.940016360480833 -0.0450910172916644 -0.338136129669651
0.344652900124602 0.452008869014403 0.822740761581692
0.160093031569629 -0.978124192881708 -0.132828026193092
0.315572882505611 0.306367885932824 -0.898082665625026
0.883430963476314 0.0238299990147964 0.467954980653338
-0.400604982149443 -0.873446961080078 0.27677798766705
0.833546108732346 -0.550228071774781 -0.0494970064566622
0.386489883531098 -0.529359840477171 0.755250772404836
-0.49260994616143 0.452193950578595 0.74354291873634
-0.598808239489212 -0.618585247398889 -0.508705203453126
0.631767843911665 0.40971789877265 -0.658027837423714
0.424161133863154 0.0426830134705478 0.90458028548106
0.535159753359376 -0.814774624492461 -0.223038897207418
-0.257815116656984 -0.96147243505003 -0.0954050431691699
-0.844203215981823 -0.0452470115760422 0.534110136647289
-0.15466698999235 -0.799721948254393 0.580105962464535
-0.68256389268117 0.291600954151877 -0.670130894635998
0.0286129965668126 -0.578418930597252 -0.815237902182056
-0.894624315916057 -0.374483132240128 -0.243741086071574
0.222620949087819 0.058007986733894 -0.97317777743962
-0.933748994329342 0.347443997889973 0.0859969994777402
-0.715083968504127 -0.635696972000727 0.290764987193256
0.409057909249695 -0.897531800880797 0.164645963472968
-0.638897125610701 -0.29690605837337 -0.709688139528605
0.688601029492438 -0.629772026972822 -0.35946601539575
-0.0163999948328134 0.423407866595846 -0.9057907146103
-0.0878890217427799 -0.891474220540943 -0.444465109955793
0.939969341425596 0.301153109388014 -0.160513058303249
0.776831806378969 -0.55517886162474 0.297167925932538
-0.399862006424783 -0.653911010506715 -0.642270010319674
-0.729802426266045 0.106052061943331 0.675382394480166
-0.265003060743744 0.693593158984749 -0.669852153542858
0.414429078830635 -0.644795122649716 -0.642252122165999
0.228582984422756 0.963382934348345 -0.140153990448926
-0.212751990162348 -0.0126799994136768 -0.977023954822413
0.626660915396709 0.719343902883904 0.29973395953397
-0.94914823166623 0.102942025125887 -0.297524072619089
-0.542779959627485 -0.267278980119523 0.796210940777036
0.191171985084284 -0.977834923706878 0.0853939933373474
0.107394982815462 -0.385919938247991 -0.916259853386982
-0.747889815469803 0.0696879828055725 -0.660154837117046
0.360262967221475 0.786423928447222 -0.501744954348737
-0.984320176382317 0.13174002360676 0.11729602101851
0.129560987758431 -0.928884912234313 -0.346967967216733
0.747007023532589 0.662685020876235 -0.0531890016755866
-0.586420860640324 0.499387881323231 -0.63774784844275
-0.390405851629993 0.112188957363661 0.91378165272603
-0.433222079714386 0.816678150271652 -0.381255070152274
0.684219247807151 -0.335525121518833 -0.647508234511337
-0.857430122066762 -0.274017039010027 -0.435578062010422
-0.257245012901224 0.385126019314648 -0.886286044448576
-0.788665322795656 -0.284902116608608 0.544828222994696
-0.466781846244419 -0.264428912898453 -0.843914722018756
-0.0219980026472288 0.896986107942866 -0.441511053131223
-0.734148778513954 0.670740797643568 -0.105509968168597
-0.191758953337957 0.69399183112613 0.69397683112978
-0.199074107123697 -0.484159260530768 0.852032458486884
0.455145864853331 0.866640742667969 0.204391939309808
0.912390214822301 -0.272626064189814 -0.305318071887148
0.970961576402569 0.231451899025428 0.0605279735937088
0.124799006986373 0.424134023743447 0.896959050212666
0.586269227815472 0.792338307890841 -0.168785065587357
-0.342850957313173 0.893080888806524 0.291306963730683
-0.00622099817791034 -0.0184349946005107 0.999810707161986
0.251783035691381 0.790779112096506 0.557919079087546
-0.755448094225536 0.430664053715869 -0.493788061589201
-0.296378035107018 -0.652665077310467 0.697272082594323
-0.613026259784339 0.551071233529435 0.566144239916977
0.914321818423934 0.183566963545257 -0.360996928309266
0.769033817918192 0.525766875515769 0.363532913927413
0.0381270040191774 0.999268105338353 -0.00309600032636644
-0.3539001191205 0.177517059751098 -0.918282309087908
0.968092708556218 -0.225532932103434 0.109230967116077
-0.689703060171767 -0.534667046645959 0.488304042601111
-0.700792978483553 0.698940978540415 0.142725995617884
0.776959786117763 0.156760956846693 0.609720832155463
-0.0574450167612807 0.768604224262989 -0.637140185904472
-0.422734962910293 -0.114154989984327 0.899034921120927
-0.20774698145879 -0.612907945298581 -0.762354931960588
-0.598681270721936 0.761071344154256 -0.249702112914572
0.432856151033493 0.900713314279647 -0.0367570128253694
0.551676975363762 -0.235571989480062 -0.800098964269981
0.488137802177314 -0.341125861755361 0.80333967443863
-0.514019820892652 0.737082743167617 0.43873984712354
-0.952519755937323 -0.136820964942574 -0.27200393030485
0.426913911284523 0.473260901653319 -0.770563839871842
0.448426052004869 0.781212090598734 0.434306050367344
-0.218073957804002 0.929105820223616 -0.29867394220839
-0.841397063014753 0.19403801453209 0.504381037774611
0.266074976207843 0.238122978707282 0.93407791647569
-0.847709510828944 -0.502159710228572 0.170950901352725
-0.886200918672902 0.442895959355218 -0.135981987520866
-0.172246046486114 0.170294045959304 0.97022226184556
0.0672980182337275 0.972480263483838 0.223054060434275
0.140385954845637 -0.573781815446264 0.806886740469359
-0.618247151259439 -0.0804350196791137 -0.781857191288031
0.549615976598177 0.731773968842163 -0.403024982839801
-0.378390126370593 0.923459308406833 0.0635910212374333
-0.985928908871581 -0.0875239919102453 0.142420986836171
-0.271736983458419 0.524076968097602 0.807156950865533
0.838973799902256 -0.2046909511806 0.504206879745161
-0.195445051229086 -0.908743238195265 0.368764096658614
0.529547985006379 0.487269986203438 0.694367980339665
0.705743569999043 0.145775911180514 -0.693307577576141
0.45941792574153 -0.684521889356629 0.566007908512753
-0.776998357734011 -0.608469280142364 -0.161365074293304
0.832830134329682 -0.488017078713745 -0.261215042132161
-0.104734947439251 -0.249174874952742 0.962778516834055
-0.101650994428204 0.831695954412251 0.545846970080491
