# command_history: dirorder ElectricRepulsion/Elec160.txt ElectricRepulsion_dirorder/Elec160.txt -cartesian -nthreads 40  (version=3.0.4)
-0.439263848441699 0.832705712693263 0.337117883684911
0.710703957236589 0.0968619941717656 0.696790958073741
0.540480145910202 0.613054165502577 -0.576234155562499
0.187804080501673 -0.156939067271475 -0.969587415610826
0.984747999345635 -0.0584159999611826 -0.163886999891097
0.269330009735068 -0.751380027159007 0.602403021774159
0.500314913601375 0.802105861485554 0.326053943694238
0.764126573898307 -0.545055696059314 0.344999807616948
-0.0960379906015306 -0.613493939962259 -0.783837923292057
-0.761755720054443 -0.0612369774953843 0.644963762975538
-0.106375992893871 -0.984757934216203 0.137607990807511
-0.15744303519789 0.319034071323105 -0.934574208932966
-0.884131055164917 -0.465763029061052 -0.0371090023153977
0.753079363827037 -0.547340264430545 -0.36508917638156
0.384989964962065 0.143655986925869 0.911671917028743
0.304515868733591 -0.950759590159955 0.0576739751387156
-0.347845935937046 -0.380619929901044 0.856814842199997
0.923047995655675 0.0275779998702041 0.38369499819414
0.522675939039263 0.825387903733364 -0.213411975109336
-0.472495062712148 0.552650073350762 0.686532091120321
-0.101461011381593 -0.915103102653527 -0.390246043776633
-0.650200038566616 0.327911019450043 -0.685357040651954
-0.620230750373609 -0.498918799198445 -0.605304756380925
-0.136524036707359 -0.740379199066522 0.658179176965317
-0.921950814952505 0.387272922269298 -0.00513599896913834
-0.902945347696329 -0.278769107345362 0.327074125946131
0.557109824071988 -0.235344925681144 -0.796392748509563
0.58777333248319 -0.794246449277942 0.153932087074096
0.150275923291224 -0.778922602396722 -0.608848689211439
-0.840373863539683 -0.413245932896924 -0.350712943051062
-0.0602909814553712 0.0985029697019195 -0.993308694472696
0.705032121757295 0.66348511458223 -0.250434043249337
-0.838734433354064 0.245626126909158 0.485996251102664
-0.376323904047954 0.59789784755281 -0.707741819545676
0.305126960667001 0.527630931984684 0.79278189780487
-0.0326799968545995 0.952075908364126 -0.304110970729777
0.432909019056223 0.182400008029066 -0.88279103885958
-0.976497388211496 0.0786050312498294 -0.200684079782975
0.393630004041006 0.903702009277405 0.16845800172939
-0.0282219879091385 0.306383868739051 0.951489592362916
-0.676306892101331 0.736446882506537 0.0159679974524499
0.547998035000362 -0.200596012811967 0.812071051866574
-0.791053135208791 -0.377011064439679 0.481765082344499
0.229769013380484 -0.921903053686565 -0.311931018165147
0.0407919890691965 0.620807833645562 -0.782900790210409
-0.743462174485389 -0.665247156128869 -0.068631016107221
-0.854256404228673 0.362934171738132 -0.372189176117541
0.275940017184993 -0.531338033090671 -0.800960049882192
-0.366365147308678 0.832804334855283 -0.414986166858294
0.389002823386145 0.762140653975265 0.517511765040914
-0.969008306841858 -0.246935078193363 -0.00678000214692531
0.22870202519679 0.831925091655688 -0.505565055699622
-0.500818070641145 0.0292820041302709 0.865057122017613
-0.536278873834511 -0.224419947202745 -0.813658808577838
-0.856370213216513 0.488589121647469 0.167065041595358
-0.0360610026948208 -0.997728074559723 -0.0569060042525574
0.141042998932375 0.425828996776688 -0.893742993234813
0.617129841019968 -0.5750598518577 -0.537081861641285
-0.82963796963691 0.0400139985355677 -0.556865979619819
-0.934935109843195 -0.0560480065849406 0.350364041163398
-0.178497062461577 -0.252383088316556 -0.951021332791429
0.316909014554681 0.934059042898531 -0.164628007560871
-0.632255013996229 0.622974013790776 -0.460605010196413
0.640778858102421 0.447202900968941 -0.624028861811632
0.715787889887136 0.554689914669561 0.424224934739574
-0.373162973955651 0.286586979998092 -0.882392938414711
0.0441349880824515 0.766659792982717 0.640534827039607
0.567990984344749 -0.802769977873653 -0.181511994997076
0.729567262383806 -0.22087507943619 -0.647260232782654
-0.133388939307113 -0.0534469756812575 0.98962154971537
-0.417422112704403 -0.756333204210749 0.503705136000909
0.900416257617682 0.224850064331749 0.372415106551515
0.231120059676016 -0.935252241485433 0.268117069228775
-0.983690661908529 0.179331938364161 -0.013882995228457
0.581567135189367 0.803891186870155 0.124654028976705
0.233242078999339 -0.354253119985906 -0.905595306726088
0.170712966723864 -0.630405877118462 0.757261852391126
-0.0382289994929688 0.967133987172902 0.251376996665987
0.823927438004474 0.481902256181958 -0.298184158516381
0.496620053002771 0.425955045460907 0.756261080713481
0.86055430062394 -0.47687216658936 0.178995062529699
0.608737651902604 0.136650921858242 -0.781514553102753
0.468119993971317 -0.713693990808692 -0.521060993289516
-0.565456862332193 0.529533871078111 -0.632338846048906
-0.420184804020181 0.0595789722115695 -0.905480577671733
-0.930452025977291 0.152517004258122 0.333163009301578
-0.0310499994404014 -0.87057898430999 0.491047991150088
-0.192509992947493 -0.824174969806763 -0.532611980488027
-0.448756192001051 -0.512285219182046 0.732244313291895
0.797425469267085 -0.243824143485065 0.551962324817505
-0.368039966722932 0.916114917167641 0.15899698562397
0.766890289450524 0.363146137063725 0.529154199720824
0.0681930127944766 -0.487478091461379 -0.870468163318558
0.809468004312441 0.577161003074825 -0.107920000574944
-0.0396799923685462 -0.270204948032838 0.961984814986288
-0.253658979225965 -0.96706692079964 -0.0209449982846571
-0.610491723443344 0.399381819077481 0.68395469016415
0.999257904177167 0.0355819965879002 0.0147499985855637
0.555916229694627 -0.75627831248065 0.344964142533004
-0.448636061396746 -0.608170083229298 -0.654870089620288
0.731298054099238 -0.654309048403822 -0.192569014245678
0.715668780721624 0.262623919532963 -0.647183801705179
-0.216414973181642 -0.0554789931249881 -0.97472387921125
0.372446039086352 0.862813090547925 -0.341815035871781
-0.667571869289441 -0.691395864624703 -0.276259945908308
0.275205077888277 -0.469719132939458 0.83882423740323
-0.864939121613476 0.37507605273701 0.333464046886215
-0.379521805393223 0.199521897691482 0.903412536758628
0.924410701629393 0.334545892019142 0.183149940884978
0.296589998427183 -0.825340995623217 -0.480464997452094
-0.103238036808651 0.989212352695319 -0.103927037054308
-0.702817557655905 0.117824925842547 -0.701544558457114
-0.240019009952508 -0.561528023284041 0.791882032835785
-0.725280890438352 0.660279900257466 -0.194930970553535
0.850188050730297 0.174401010406421 -0.496754029641065
-0.311506138112507 -0.880182390246553 -0.358110158775336
0.139493066197078 0.440459209021949 0.886869420867974
-0.573441299399228 -0.723712377857206 0.383934200455746
-0.907130698986417 0.170595943391072 -0.38472187233757
-0.169370978803985 0.870528891057233 -0.462052942176157
0.322853125522252 0.0114870044660391 -0.946379367943379
-0.318127893117794 0.679764771617769 0.660843777974701
-0.664555309465537 -0.299190139324802 -0.684727318859099
0.972638583833814 0.154600933850371 -0.173414925800365
-0.488076115927609 0.872796207306143 0.00291300069189455
-0.647200222354412 -0.758632260638399 0.0748930257305145
0.478585036967106 -0.416199032148255 0.773133059718733
0.741509910487895 -0.415753949811849 -0.526603936430483
-0.240625923701743 -0.225784928407562 0.943991700676799
0.254963081676671 0.690496221198428 0.676911216846512
0.939299947547144 -0.282393984230414 0.194856989118699
-0.0674669730673921 0.765807694291927 -0.639520744705288
0.181702013179847 0.96125106972483 0.207318015037916
0.853232497956017 -0.0515850301055998 -0.518973302878617
0.575851070243758 0.020197002463681 0.817305099696926
0.809432949985949 0.547991966140125 0.211004986962213
-0.418450964072848 0.881634924305033 -0.218216981264436
-0.541841998500723 -0.332120999081021 0.772076997863663
0.013447000721909 0.109498005878455 0.993896053357808
-0.075609033339924 0.884204389891338 0.460940203252319
0.811605855067903 -0.584116895691627 0.010167998184255
-0.698408961317573 -0.56101596892729 0.444393975386574
-0.972078389568269 -0.129480051890177 -0.195700078428388
-0.426703025590661 0.392442023535926 0.814809048866545
-0.170340044143884 -0.929264240820253 0.327799084949636
0.0590759871750476 -0.479127895984939 0.87575480988022
-0.347146016164508 -0.342834015963724 -0.872900040645718
0.72725452478114 -0.438197713663084 0.528283654797121
-0.610095000276373 0.703735000318792 0.36406200016492
-0.463371939679867 -0.885811884688117 0.0249749967488425
0.915267328437333 0.375500134745619 -0.145895052353428
-0.564041175212086 -0.671561208611792 -0.480482149255557
0.460505972205702 -0.701673957649768 0.543679967185653
0.945762989873716 -0.27837299701946 -0.16745399820707
-0.108530002440351 0.646975014547557 0.754748016970887
0.331830866350002 0.673800728616367 -0.660212734089142
-0.820276163536425 -0.16613503312193 -0.54730810911546
0.176238913746406 -0.979226520753928 -0.100275950923658
-0.662758962583944 0.0686979961216547 0.745674957902921
0.250518057335573 -0.144188033000031 0.957314219098616
